StartData 47.327422407630365
2 137.35856291704113
6 139.37473479675828
6 141.37394361861516
6 143.3732252139598
btn 143.8073484399938
5 145.37250680930447
6 147.37178747169673
6 149.3710830619093
6 151.37035843729973
5 153.36964034364792
5 155.3689430868253
btn 155.70311227825005
6 157.36820975429146
6 159.36749072762905
6 161.36677698791027
6 163.3660551623325
btn 163.86687526322203
5 165.36534080060665
btn 166.01610097225057
6 167.3646223959513
4 169.36374165053712
1 218.36286712501897
6 220.37887852994027
6 222.37814924033592
5 224.37742554873694
btn 224.74505435931496
5 226.37671336403582
btn 227.14418505859794
6 228.37608172773616
6 230.37528246367583
6 232.37456063803984
6 234.37384876434226
6 236.37313067069044
6 238.37241506500868
6 240.37170163629344
6 242.37166991451522
6 244.37035657133674
6 246.36956446018303
6 248.36893095792038
3 250.36805985338287
2 299.3672593453666
6 301.3832688842667
6 303.3825647854828
5 305.3818230560282
6 307.3811189572443
6 309.38040428457316
6 311.37967623898294
5 313.3789699632325
6 315.37825124757364
6 317.3775359528954
btn 317.99611252895556
6 319.37681319430703
5 321.3760988325812
6 323.3753965998185
6 325.3746688652318
5 327.3739557475201
6 329.37323143391404
4 331.37242874887306
1 380.37160833698
6 382.38761632092064
6 384.3868957392988
6 386.38617733464343
6 388.3854393371148
6 390.384746745287
5 392.3840261636651
btn 393.2691473501036
6 394.38330869196216
6 396.38257784739835
5 398.38186752871843
btn 398.98372051509796
5 400.381164984894
btn 401.0163345315377
6 402.3804263654165
6 404.37971107073827
5 406.3790091489791
btn 407.0807797831949
6 408.3784070574329
6 410.3775555457687
3 412.3767656116397
1 461.3776367161772
6 463.3937753190985
5 465.3927938104025
6 467.3928460580064
6 469.391878233233
6 471.39094057522016
6 473.3909931338276
6 475.39003868191503
5 477.38908889499726
btn 477.841275177605
5 479.38913741061697
btn 480.02427368046483
6 481.38811111822724
6 483.3872465447057
6 485.38627716491465
6 487.38634154142346
6 489.3853522577556
6 491.3844369915896
3 493.384380700998
2 542.384612394264
6 544.3847517212271
6 546.400765925122
6 548.3998267120915
6 550.3988445814466
6 552.3988750592107
btn 552.8499691179604
6 554.3979632139672
btn 554.7501310855732
5 556.3970152930124
6 558.3960664391052
6 560.3961277056369
6 562.3951545938617
6 564.394207916921
btn 565.0792446986306
6 566.394235906715
btn 566.9624974109465
6 568.3932764788042
6 570.3923478397192
6 572.3924044413143
4 574.3913501591887
2 623.401091850712
6 625.4171023226227
5 627.4163708560518
5 629.4156561833806
btn 629.8998926436179
6 631.4149374677218
6 633.4142212400329
6 635.4135037683882
6 637.4127887847135
6 639.4120713130105
6 641.4113569513429
5 643.4106373027316
6 645.4099220079952
6 647.409205469361
5 649.4084883086616
6 651.4077733249869
6 653.4070580303087
4 655.4062752491445
1 704.4054996209452
6 706.4214304774068
6 708.420682527998
6 710.4199718982563
6 712.4193446159479
6 714.4185378879192
6 716.4178197942674
6 718.4171971768956
6 720.4164772172808
6 722.4158446479705
5 724.4150662207394
btn 724.9162044723053
6 726.4143235582742
6 728.4136253684992
6 730.412912561791
6 732.4121801622096
6 734.4114723314997
3 736.4106553405873
2 785.4098022739054
6 787.4258320276858
6 789.425098695152
6 791.424378735479
btn 791.9919209021027
6 793.4236668617814
6 795.4229447251419
6 797.4222328514443
btn 797.8908242620528
6 799.421504805854
6 801.4207885782234
5 803.4201152682072
5 805.419357988867
btn 805.8379630522686
6 807.4186364742345
6 809.4179752931232
6 811.4172637304291
6 813.4165092500043
btn 814.0350786730996
6 815.4157892903895
4 817.415011796169
1 866.4141493995558
6 868.430183818331
5 870.4296193575137
btn 870.9816716623609
6 872.4287072013249
6 874.4279878636589
6 876.4278056190233
6 878.4268259762903
6 880.4258603284834
6 882.4259212840116
6 884.4249658991466
5 886.4240049162763
btn 886.9261501783039
5 888.4230793871684
btn 888.9422166298027
6 890.4231303907582
5 892.4221743838862
btn 892.8913047534879
6 894.4212161999894
6 896.4212715576286
3 898.4202486862196
EndData 947.4374294424197
