StartData 44.07146415847819
2 134.09856947284425
6 136.09898123377934
6 138.09986602218123
6 140.0999307097518
btn 140.61883439309895
6 142.10000566014787
5 144.10105216735974
5 146.10104066046188
btn 146.40746450430015
6 148.1057684472762
6 150.10505066462792
6 152.10432635102188
6 154.1036570839933
btn 154.7553126179846
6 156.1033240054967
6 158.10337221011287
6 160.1034919442609
btn 160.68930926790927
6 162.10441591835115
6 164.09987690713024
4 166.09898341074586
1 215.11488099052804
6 217.13090701232431
6 219.1306827829685
5 221.13179615471745
btn 221.46603189967573
5 223.13178526976844
btn 223.75087188201724
6 225.13185648823855
6 227.11590261792298
6 229.11591381381731
6 231.11596419545822
6 233.11703589349054
6 235.11708347615786
6 237.1171341687441
6 239.11819062789436
6 241.1221847711713
6 243.12155344587518
5 245.1208602320403
btn 245.75603693159064
3 247.1200721639325
1 296.1285098421504
6 298.1286454371293
6 300.12866378598846
6 302.1297028292902
5 304.1330410784576
btn 304.684935396479
6 306.1323161428445
6 308.13164780882653
6 310.13090048136655
5 312.13095677195815
btn 312.517026812362
6 314.13100995257264
6 316.1320505508338
6 318.1321037314483
5 320.1321460271138
btn 320.735225277429
6 322.1331981322728
5 324.1332472698996
btn 324.9024599295226
6 326.133299828507
3 328.1342480604653
2 377.14247985824477
6 379.1436482765712
6 381.1436405015993
6 383.1436849742895
btn 383.562819044746
6 385.14473428047495
6 387.1447803081246
6 389.14483286673203
5 391.14587470900733
5 393.1459285115707
btn 393.5364203171339
6 395.15043331310153
6 397.1497326352983
btn 397.48500027059345
6 399.1490366224898
6 401.14832723676227
6 403.14814748009667
btn 403.6502958521014
6 405.14822149754036
5 407.14826876920415
4 409.14822336350335
2 458.14447242044844
6 460.16054135991726
6 462.1597663536668
5 464.159144358302
6 466.158693100675
6 468.1597458278411
btn 469.26002174499445
6 470.1597990083974
6 472.15984596905764
6 474.1609823546023
5 476.1609493888682
5 478.1449896096019
btn 478.46309888048563
6 480.14504341216525
6 482.1450944158132
5 484.1461458989652
6 486.1461934816325
6 488.15045446093427
4 490.14964648894966
1 539.1554049220867
6 541.1565590345417
6 543.156582359341
6 545.1566252770135
5 547.1576736502466
btn 547.5970626890776
6 549.1618372872472
5 551.1612215118366
btn 551.6965312561952
6 553.160536383919
6 555.1598167353077
6 557.1590753167984
6 559.1589646016364
6 561.1600160847884
5 563.1600639784592
btn 563.5451123914681
5 565.1601103171124
btn 565.6791629684158
6 567.161160867312
6 569.1612084499211
3 571.1611642882926
2 620.1704034075374
6 622.1705365145463
5 624.1715460130363
6 626.1715948396595
6 628.1716368243797
6 630.1726948384894
btn 630.6747368493234
6 632.1727467750898
5 634.1727952907677
6 636.1738386880024
6 638.1738856486627
6 640.1739366522525
btn 640.7637649131357
6 642.1785944646108
btn 642.5465022401186
6 644.1778993848129
6 646.1771850230871
btn 647.0622763537685
6 648.1764930532663
6 650.1761801895918
4 652.1761372719193
1 701.1741117439815
6 703.19013372279
6 705.1893873283407
6 707.1886760766502
5 709.1879691788927
btn 709.5732455531834
6 711.1872551282286
6 713.1877063858556
6 715.1877393515897
6 717.1878180340282
5 719.18886454124
btn 719.5569259495824
6 721.1888872440904
6 723.1889637495042
6 725.190010256716
6 727.1900727672619
6 729.1901135079679
6 731.1911634361604
3 733.1911096335389
2 782.1833455762826
6 784.1834575354587
6 786.1844993776758
6 788.1845398073783
6 790.1845880120527
btn 790.7366390728857
6 792.1856307872804
5 794.1856995177804
6 796.1900988910347
5 798.1893761324463
5 800.1887124633649
btn 800.5739636468934
6 802.1879806857905
6 804.1872632141458
6 806.1879822408082
6 808.1880316894385
5 810.1880851810565
6 812.189135109249
4 814.189083483594
1 863.1994005208835
6 865.2154470685055
5 867.2154660393717
btn 867.8504990580259
6 869.1995159009821
6 871.1995609956793
6 873.1996116883238
5 875.200657262525
btn 875.6186959991464
6 877.2007160410867
6 879.2007589587593
6 881.2018213268602
6 883.2018667325028
6 885.208217927313
5 887.2074105772772
btn 887.675134304387
5 889.2067755199969
btn 889.7753589068889
6 891.2060599143151
6 893.2053321797284
3 895.2045652594534
EndData 944.2292681167019
