StartData 45.745513080852106
1 135.77540493453853
6 137.79156592930667
5 139.7908204678679
btn 140.42485456191935
6 141.79005696857348
6 143.789339185867
6 145.78862109221518
6 147.78791450546123
5 149.7871901918552
btn 150.27136911754496
5 151.78647676319815
btn 152.6204733509221
6 153.78575866954634
6 155.78504057589453
6 157.78432154923212
6 159.78361309645697
5 161.78288816090208
btn 162.30036280991044
6 163.78217379917623
6 165.7814613034716
3 167.7806890962529
2 216.7797784950235
6 218.79573703033384
5 220.79508113616612
6 222.79436366452137
6 224.7936362409382
6 226.79291845828993
6 228.79221622546902
btn 229.32652082532877
6 230.79149688786129
btn 231.510007905541
6 232.79077381821116
6 234.79007251845906
6 236.7893718406558
6 238.78862358024344
btn 239.3571621834417
6 240.78792134742253
5 242.78719889983768
5 244.7864892031066
btn 245.25505728885764
6 246.78578043938614
4 248.78495194151765
1 297.78412717563333
6 299.8002144640195
6 301.7993937411229
5 303.79911664215615
btn 304.46720156195806
6 305.79859136708546
6 307.7972646509297
5 309.7972920187167
btn 310.23240452836035
6 311.7963409877848
6 313.795363211073
6 315.7954372285167
6 317.79448806360597
6 319.79353205673397
5 321.79361105011776
btn 322.1956924954429
5 323.7926385603496
btn 324.444761212857
6 325.7916760225198
6 327.7917273371131
3 329.79068269592244
1 378.792910061311
6 380.8090480422834
6 382.8080643566209
6 384.8081050973269
5 386.80716215231223
btn 387.17627504386473
6 388.80621112138033
6 390.8062574600335
5 392.80531047208933
btn 393.15744040196296
6 394.805354633776
6 396.8044036028441
6 398.80343640001956
5 400.803485226701
btn 401.1556176444865
6 402.80255347758066
5 404.8015987147228
btn 405.28768467821646
6 406.79509637504816
6 408.7942930680583
3 410.79349442600505
2 459.8092987064156
6 461.82530575734563
6 463.8246644801693
6 465.82388294296106
btn 466.2081345798797
6 467.8232404217124
btn 468.3078964178567
6 469.82242996175773
6 471.82174234587
btn 472.8881325770635
6 473.82099626242416
6 475.8202784797759
6 477.8195656730677
6 479.8188447804423
6 481.8181294857641
6 483.8175096673658
btn 484.7682812215062
6 485.8166967193829
6 487.8160756570287
6 489.81536720431177
4 491.81455612235004
2 540.8136934147333
6 542.829731876438
6 544.8290200027404
6 546.8282611683826
6 548.8275934563717
6 550.8268756737234
5 552.8261569580645
5 554.8254177165218
btn 555.2607009639032
6 556.8247042878647
6 558.8240101410192
6 560.8233004442882
5 562.8225384999532
5 564.8218418651377
btn 565.173896844557
6 566.8211371444049
6 568.8204153187689
6 570.8197090430185
4 572.8188942290726
1 621.8208205487463
6 623.8369600846781
6 625.8359847959364
6 627.8350278560538
6 629.8350813476718
5 631.8341178768314
btn 632.4192211498157
6 633.8341555075604
6 635.833230289456
5 637.8322590436437
btn 638.2343706557294
6 639.8322870334378
6 641.831369590247
6 643.8304285112536
5 645.8304754719138
btn 646.4317167258705
6 647.8295169770718
5 649.8246128545143
btn 650.1755964469048
6 651.8238941388554
3 653.8231122907018
2 702.8222433631308
6 704.8382575670257
5 706.8376172228018
6 708.8368039638735
6 710.8360886691953
6 712.8353743074695
btn 713.2363685048767
6 714.8346658547525
btn 715.2355922546703
6 716.8339465170866
6 718.8332246914506
6 720.8325118848006
btn 721.3667474431568
6 722.8317888151505
6 724.8310741424793
6 726.8303538718028
6 728.8296413760982
6 730.8289239044534
btn 731.5631163585349
6 732.8282033228315
4 734.8274245845969
2 783.8266324735014
6 785.842669691192
6 787.8419295166968
6 789.8412142220186
6 791.8404964393703
6 793.8397764797555
btn 794.290863696544
6 795.8390624290332
5 797.8383378044236
5 799.8376452125958
btn 800.2062601968064
6 801.8369153010426
6 803.8361959633767
btn 804.7546455279225
6 805.8354694728041
5 807.8347678619903
6 809.8340553662856
6 811.8333344736602
btn 812.4852397387731
6 813.8326126480242
4 815.8317987670889
1 864.8318370197667
6 866.8478692615172
6 868.8468768679304
6 870.8459208610584
btn 871.3650145640131
6 872.8459927014774
5 874.8450407375931
btn 875.3302328936988
6 876.844056740927
6 878.8441313803196
6 880.843183459423
6 882.8432310420321
5 884.8422955609858
btn 885.3773972479394
6 886.8413068993832
6 888.8413725198479
6 890.8404301968985
6 892.8394561521127
6 894.8395049787359
3 896.8384793084115
EndData 945.8576849705423
