StartData 36.02396174974274
2 126.03872605389915
6 128.05500678275712
6 130.05416926601902
6 132.05346143525094
btn 132.60523104318418
6 134.05273494473659
5 136.05201249709353
5 138.05130591033958
btn 138.5030882069841
6 140.0505794197088
6 142.04986101505347
6 144.04915100731887
6 146.0484363347059
btn 146.68350511800963
6 148.0476858972106
6 150.0469973484287
6 152.0462804987328
btn 152.6479879382532
6 154.0455692469841
6 156.0448514643358
4 158.0438914145343
1 207.04299605218694
6 209.058943080483
6 211.0583148652222
5 213.05759614950512
btn 213.5918012300972
5 215.05687774484977
btn 215.52542468288448
6 217.05615280929487
6 219.05542756267823
6 221.05472564091906
6 223.05401127925143
6 225.05322258907836
6 227.05263573641423
6 229.05186695011798
6 231.05115849745926
6 233.05043325084262
6 235.04962901084218
5 237.04899861849844
btn 237.78315997275058
3 239.04811694007367
1 288.04732171900105
6 290.0632519534556
6 292.0625142669305
6 294.061796795344
5 296.06107870163396
btn 296.62859661038965
6 298.0603662059875
6 300.0596481122775
6 302.0589290856151
5 304.05821285792626
btn 304.6757127599558
6 306.05749787425157
6 308.05678071361035
6 310.05606759595685
5 312.0553510572063
btn 312.6395403080387
6 314.05463358561974
5 316.0539161139168
btn 316.5881392323645
6 318.05319957528263
3 320.0524149280973
2 369.0515400916338
6 371.0675486974651
6 373.0668166090036
6 375.0660988263553
6 377.06538322067354
6 379.06466637097765
6 381.06395138730295
5 383.06323329359293
btn 384.0796589474194
5 385.06251768791117
btn 385.6133854025975
6 387.0619065774372
6 389.0610880316235
btn 389.5453192049172
6 391.06037149287295
6 393.05965153325815
6 395.0589381045429
6 397.0582252978347
5 399.057505960227
4 401.0567197580822
2 450.0558461655164
6 452.07185477146413
6 454.0711195729673
5 456.07040614425205
6 458.06968836160377
6 460.0689640479395
btn 460.5865752249956
6 462.0682378683705
6 464.0675409225514
6 466.06682127388194
5 468.06610442430247
5 470.0653897515731
btn 470.5329719746951
6 472.0646539310692
6 474.0639569852501
5 476.06324044661596
6 478.0625276399078
6 480.0618070581695
4 482.0610258320812
1 531.060150684556
6 533.0761627114844
6 535.0754085420631
6 537.0746932473266
5 539.0739984785905
btn 539.7248102758313
6 541.0732760309475
5 543.0725579372374
btn 543.5401345624123
6 545.0718435755698
6 547.0711261038668
6 549.0704086322803
6 551.0696914715227
6 553.068976487848
5 555.0682633701945
btn 555.5524821035797
5 557.0675256836694
btn 557.851672452176
6 559.0668243839173
6 561.066107223276
3 563.0653287960449
2 612.0644471176201
6 614.0804669194622
5 616.079727988923
6 618.0790114502888
6 620.0782961555524
6 622.0775817938847
btn 622.6617483418668
6 624.0768637001747
5 626.0761456065811
6 628.0790786257712
6 630.0791700590635
6 632.0782140521333
btn 632.69624669326
6 634.0772673751926
btn 635.2935158847831
6 636.0763415350812
6 638.0753814852796
btn 638.5943961947924
6 640.0753920591669
6 642.0744568891823
4 644.0734119368717
1 693.0716408051085
6 695.0877803410403
6 697.0867935454007
6 699.085849978379
5 701.0848908615299
btn 701.6209236754803
6 703.0848998804577
6 705.0839889682829
6 707.083039803314
6 709.0820909494068
5 711.0811327655101
btn 711.5671652373858
6 713.081190611003
6 715.0802629049867
6 717.0792652243981
6 719.0783309873659
6 721.0773830664111
6 723.0774570838548
3 725.0763443340547
2 774.0746148759499
6 776.0907513019629
6 778.0897623292403
6 780.088859503041
6 782.0878680424066
btn 782.7729203739436
6 784.0869092365028
btn 785.0560539120343
5 786.086954953149
6 788.0860424860148
5 790.0850525803398
5 792.084099683445
btn 792.7361290366389
6 794.0831439875765
6 796.0831984120887
6 798.0822461372009
6 800.0812826664187
5 802.0803297694074
6 804.0793697196059
4 806.0793488827767
1 855.0775976547739
6 857.0936728141969
5 859.0927718539024
btn 859.577915805392
6 861.0920453632716
6 863.0913350445917
6 865.0906219269382
5 867.0898870393867
btn 867.5076598729938
6 869.0891897825059
6 871.0884601819562
6 873.0877623031847
6 875.087010932737
6 877.0862897291081
5 879.0856002472574
btn 879.8373541187029
5 881.0848899285775
btn 881.9200207248796
6 883.0841768108075
6 885.0834696020465
3 887.0826386163244
EndData 936.0983822521521
