StartData 43.33779542450793
1 133.36516819684766
6 135.36655586853158
5 137.3664622582728
6 139.36751965037547
6 141.37129080831073
6 143.37060132646002
6 145.36988447676413
5 147.36972244700883
5 149.37078139407095
6 151.3718157723779
6 153.37184998218436
6 155.3729120392818
6 157.37293443107046
5 159.37400301918387
6 161.3750768941827
6 163.3751014629379
3 165.37910960114095
2 214.37824160663877
6 216.3942949961638
5 218.3935601087287
6 220.3943009051727
6 222.3783457907848
6 224.3784266501898
6 226.37947720044758
6 228.38052401866298
6 230.38057906518225
6 232.38161499856506
6 234.38770962017588
6 236.387084514834
6 238.38637046411168
5 240.38568969024345
5 242.38496102264617
6 244.3858946376713
4 246.38588033174165
1 295.3860998961609
6 297.38622087426484
6 299.38725494162645
5 301.3873096772004
6 303.38835120841395
6 305.3894026916241
5 307.38947515410837
6 309.39426078647375
6 311.39354207075667
6 313.3928401489975
6 315.3926417324692
6 317.3926858941559
5 319.393733023433
5 321.39476864563767
6 323.3948317782488
6 325.3959156051278
3 327.39584034367
1 376.39604809018783
6 378.39618835016154
6 380.3972528951708
6 382.4014249291504
5 384.40071647649165
6 386.4000347695546
6 388.399416506174
5 390.4004474635003
6 392.4015160514973
6 394.4015592802316
6 396.4026132513536
5 398.40366038051434
6 400.4037101401482
5 402.4047718863003
6 404.40480391902383
6 406.40949407510925
3 408.4087075620191
2 457.40784672042355
6 459.42388269410003
6 461.4241964907851
6 463.40824386442546
6 465.4082967340946
6 467.409313696553
6 469.4103950354038
6 471.4104317332385
6 473.418714223546
6 475.4180449565174
6 477.41738875140436
6 479.41666381584946
6 481.41594261222053
6 483.41526339319535
6 485.41576596547384
6 487.41580639523454
4 489.4167885258794
2 538.4160184956854
6 540.4171545702266
6 542.4172158367
6 544.4182265792042
6 546.4192478955956
6 548.4193153821398
5 550.4203665542882
5 552.4238214276265
6 554.4231362997089
6 556.4225071513792
6 558.422556289006
5 560.4236164800823
5 562.4246670303401
6 564.4246912881499
6 566.4257514792262
6 568.426795498468
4 570.426751025836
1 619.4269796090666
6 621.4324528573779
6 623.4317189028952
6 625.4310088951606
6 627.4303200352006
5 629.4302656106884
6 631.4303181692958
6 633.4313792933244
5 635.4314284310676
6 637.4324771151878
6 639.4335083835758
6 641.4335808460601
5 643.4346208223142
6 645.4356735494221
5 647.4397877377924
6 649.4390696441988
3 651.4382937049959
2 700.4374126484618
6 702.4540948753711
5 704.4381074173143
6 706.4391399296001
6 708.4391906223027
6 710.4402570333332
btn 711.1753507587127
6 712.4498488239478
btn 713.3183506050846
6 714.4489982452942
6 716.4482823286671
6 718.4476740171667
btn 718.9162330840481
6 720.4469369526487
6 722.4462714176625
6 724.4455480369506
6 726.4456441352377
6 728.4456991818734
btn 728.9316962000448
6 730.4467435120605
4 732.4476799261756
2 781.4469646314392
6 783.4480696062092
6 785.4480854670983
6 787.4491357062943
6 789.4491801789263
6 791.4503520182334
btn 792.0233363334555
6 793.4541094923625
5 795.4533945085714
5 797.4527174666291
btn 797.8878657410387
6 799.4534318282967
6 801.4535002477933
btn 801.9725811999524
6 803.454524052213
5 805.4545651038643
6 807.4556162761291
6 809.4566630943445
btn 809.8746763290837
6 811.4567147198832
4 813.4576707268134
1 862.4568950985558
6 864.4620365123264
6 866.4612888739211
6 868.4606043680105
6 870.4601475123782
5 872.4601776791969
btn 872.9462235239334
6 874.4612462671939
6 876.46229650639
6 878.4623559069587
6 880.4633937062463
5 882.4634478198132
btn 882.9324516133638
6 884.4644986810163
6 886.4655458102934
6 888.4700708265882
6 890.4693605079083
6 892.4686228213832
3 894.4678534130799
EndData 943.483827187214
