StartData 45.57757526298519
2 135.5881917909719
6 137.60445852507837
6 139.6036312711658
6 141.60292468441185
btn 142.03804932301864
5 143.60220596881118
6 145.60148476518225
6 147.6007694704458
6 149.60003302793484
5 151.59931680024602
5 153.5986036825925
btn 154.1170147455996
6 155.59786941704806
6 157.597191442037
6 159.59648050135002
6 161.59575556579512
btn 162.11412651010323
5 163.59503778314684
6 165.59434301429428
4 167.59336181660183
1 216.59247609518934
6 218.60851051390637
6 220.60778029134963
5 222.60704789182637
btn 223.0756899949629
5 224.6063350851182
btn 225.09157046990003
6 226.6056291203713
6 228.604925954598
6 230.6042031958932
6 232.6034832362784
6 234.60277198452968
btn 235.30455785768572
6 236.60205078090075
6 238.60132149141282
6 240.60061272769235
6 242.59987224219367
6 244.5991634784732
6 246.59847244154662
3 248.59765016369056
2 297.59678496816196
6 299.61281720991246
6 301.61208449932747
5 303.6113489897689
6 305.61063680506777
6 307.60990658251103
6 309.60920061776415
5 311.6084862560965
6 313.60778153536376
6 315.6070718385745
btn 316.1256104107015
6 317.60632264520973
5 319.6056409382727
6 321.60490169678815
6 323.6041776940692
5 325.60347172932234
6 327.6027614106424
4 329.60195685969666
1 378.6010919751134
6 380.61711706384085
6 382.61639306123834
6 384.61565226479433
6 386.6149497210281
6 388.61421172344126
5 390.6135017158231
btn 391.24874372489285
6 392.61280632496346
6 394.61208543227986
5 396.6113461907953
btn 397.1798860379495
5 398.6106358721154
btn 399.29576999600977
6 400.60993332834914
6 402.6092345165089
5 404.60847568220925
btn 405.14367844327353
6 406.60776660742704
6 408.60706841759384
3 410.60625889059156
1 459.605389963137
6 461.6213954590494
5 463.6206863843836
btn 464.10593856300693
6 465.61994341085665
6 467.619254551013
6 469.61852743837517
6 471.6178155647358
6 473.61708036612254
5 475.6163650715025
btn 476.25170659983996
5 477.6156531977467
btn 478.10088827158324
6 479.61497180187143
6 481.6142089244677
6 483.6134961177595
6 485.6128066359088
6 487.61206117447
6 489.6113788455259
3 491.6105391518213
2 540.6096966590267
6 542.6257257908583
6 544.6249834393384
6 546.6242538387887
6 548.6235326351598
6 550.6228347563883
btn 551.1080300224712
6 552.6220973808086
btn 553.1739366522525
5 554.6214050999843
6 556.6206938482355
6 558.6199732666137
6 560.6192299821414
6 562.6185265054228
btn 563.187032764894
6 564.6178239616565
btn 565.6676712929038
6 566.6170921840239
6 568.616392750293
6 570.6156475997996
4 572.6149923276389
2 621.613980341237
6 623.6300306208432
5 625.629296044237
5 627.6285577358212
btn 628.0804949093144
6 629.62783777609
6 631.6271252804436
6 633.6264171387302
6 635.6257083750097
6 637.6250064532505
6 639.6242693887325
5 641.6235584479291
6 643.6228475072421
6 645.6221253706608
5 647.6213823971339
6 649.6206739444751
6 651.6199586497387
4 653.6191512997029
1 702.6183125389507
6 704.6343351397663
6 706.6335921663558
6 708.6328582117567
6 710.6321656199871
6 712.6314459713176
6 714.6307312985882
6 716.6300172479823
6 718.629277073429
6 720.6285714196274
5 722.6278387091588
btn 723.2963680445682
6 724.6271473612869
6 726.6264211817179
6 728.6257071309956
6 730.6250042761676
6 732.6242808955722
3 734.6234517757548
2 783.6226123929955
6 785.6386318838922
6 787.6378817574587
6 789.6371524678543
btn 790.1557193407789
6 791.636471071979
6 793.6357539112214
6 795.6350199567387
btn 796.1868931269273
6 797.6343301638262
6 799.6336005632766
5 801.632887445623
5 803.6321671749465
btn 804.100837578997
6 805.6314341534162
6 807.6307235236745
6 809.6300197358942
6 811.6293084841454
btn 812.2311645805603
6 813.6285788835958
4 815.6277733995812
1 864.6268914102111
6 866.6429581727134
5 868.6422080462798
btn 869.1440531954868
6 870.6414967945311
6 872.6407731028739
6 874.6400540763279
6 876.6393440685933
6 878.6386057600612
6 880.6378994842526
6 882.6371950745815
5 884.6364726269385
btn 885.2882674878929
5 886.6357610642444
btn 887.2375901037594
6 888.6350392386084
5 890.6342816482065
btn 891.2529269547667
6 892.6335924773011
6 894.6328725176863
3 896.6320772966137
EndData 945.6478215544485
