StartData 48.24377802480012
1 138.26534633664414
6 140.26574223628268
5 142.2769975536503
btn 142.79448464279994
6 144.27631677966565
6 146.2817713683471
6 148.2818049560301
6 150.2808200265281
5 152.2808996415697
btn 152.83280639955774
5 154.28094722423702
btn 155.13289304357022
6 156.2809904529713
6 158.28007922973484
6 160.28008296201006
6 162.28044900624081
5 164.28023192984983
btn 164.84815226960927
6 166.27018794836476
6 168.2693619383499
3 170.26853934954852
2 219.27432452887297
6 221.27445919066668
5 223.27446852065623
6 225.27449122350663
6 227.281455705408
6 229.28074538707733
6 231.2800254272297
btn 231.9475225615315
6 233.27930702269077
btn 234.19673558184877
6 235.27859732601792
6 237.27798901451752
6 239.27726407861337
6 241.27653603302315
btn 242.06173086399212
6 243.2758369105868
5 245.27509891288355
5 247.29110036604106
btn 248.1428029849194
6 249.29034464154392
4 251.28954537725076
1 300.2886011884548
6 302.30471833236516
6 304.30397815816104
5 306.30324949044734
btn 306.788516596891
6 308.3025506786071
6 310.30181516939774
5 312.3011446581222
btn 312.85298610664904
6 314.300452999305
6 316.29969043284655
6 318.29899006616324
6 320.2988208835013
6 322.29786643153057
5 324.2979208561592
btn 324.9170167981647
5 326.2979870988056
6 328.29801353346556
6 330.297052861657
3 332.29702767077833
1 381.29302046541125
6 383.30938018811867
6 385.3094075554982
6 387.3084559026174
5 389.3085006866604
btn 389.7935609794222
6 391.30854702508077
6 393.30862197559327
5 395.3076488636434
btn 395.8767142971046
6 397.3076942693442
6 399.3077527368441
6 401.30779565451667
5 403.30683933664113
btn 403.99288997100666
6 405.3011406152509
5 407.3003341984004
btn 407.98450360726565
6 409.2996161044575
6 411.2989026759751
3 413.2981174066663
2 462.3012018818408
6 464.3014643639326
6 466.31263166852295
6 468.3117935298942
btn 469.0626993109472
6 470.3110794792883
btn 471.14522410184145
6 472.31036294065416
6 474.3096681716852
btn 475.0438233059831
6 476.3089531878941
6 478.3082366492599
6 480.3075204216875
6 482.30680668214336
6 484.30611035833135
6 486.3053757818416
btn 487.0561770671047
6 488.30475471913815
6 490.304043778684
6 492.30333252670243
4 494.3025279757567
2 543.3111926824786
6 545.317620693706
6 547.3168848729692
6 549.3161664684303
6 551.3155186604708
6 553.3148092743941
5 555.3140955348499
btn 555.9981592046097
5 557.3133827280253
btn 558.0476712803356
6 559.3126649456099
btn 560.3458804315887
6 561.3119365889579
6 563.3278839280829
5 565.3271897812374
5 567.3264894145541
btn 568.0116614801809
6 569.3257850049995
6 571.3250355003402
6 573.3249807646498
4 575.3239305256866
1 624.3226594780572
6 626.3386711939238
6 628.3379689613357
6 630.3372661066242
6 632.3365113153122
5 634.3358000633307
btn 634.9544690055773
6 636.3355021276511
6 638.3355593513697
5 640.3345952583477
btn 640.9866603761911
6 642.3346611899324
6 644.3347034854814
6 646.3347401833162
5 648.3338075010106
btn 649.019877417013
6 650.3338563279249
5 652.3339054654352
btn 652.8690021764487
6 654.3339586462826
3 656.3329084068537
2 705.3291440908797
6 707.3309158445336
5 709.3452733638696
6 711.3453200138174
6 713.3443923075683
6 715.3444386459887
btn 716.1295215175487
6 717.3444828079082
btn 718.2965390933678
6 719.344525414519
6 721.3435855796561
6 723.343642802909
btn 723.9127132124268
6 725.3436801228672
6 727.3437270834111
6 729.3437833739445
6 731.3428482040763
6 733.342874949798
btn 734.0119460429996
6 735.3429352832027
4 737.3428814806975
2 786.3380843414925
6 788.3382199364714
6 790.3542363173328
6 792.3543109567836
6 794.3533624135889
6 796.3534096851945
btn 797.1724382652901
6 798.3534504259005
5 800.3535095155239
btn 800.9555596746504
5 802.3535496345721
btn 803.0432715960778
6 804.3415009621531
6 806.3408752344549
6 808.340173935052
5 810.3394458894618
6 812.3387271738611
6 814.354672958143
btn 815.3397945174947
6 816.3540133317001
4 818.3531686621718
1 867.3470740406774
6 869.3516743183136
6 871.3509391197003
6 873.3502144953236
btn 873.9520858302712
6 875.349507286679
5 877.3487779968418
btn 877.9173044711351
6 879.3480686112307
6 881.3473909473978
6 883.3633445063606
6 885.3625635914505
5 887.361878152471
btn 887.9638157300651
6 889.3616797360592
6 891.3617083476856
6 893.360782507807
6 895.3608689648099
6 897.3608658551238
3 899.3608179613948
EndData 948.373284614645
