StartData 49.64001178089529
2 139.66933513060212
6 141.68956957338378
6 143.68312881095335
6 145.6824219133705
btn 146.4496634695679
5 147.68320376146585
6 149.6824906435795
6 151.68177286116406
6 153.6810563225299
5 155.68033791799098
5 157.67962013510987
btn 158.49697834672406
6 159.67891012737527
6 161.67818954586983
6 163.67747207405046
6 165.67675864556804
btn 166.39414291875437
5 167.67604397283867
6 169.67532961117104
4 171.6744414018467
1 220.67369096446782
6 222.68968059914187
6 224.68895815173164
5 226.68824534490705
btn 227.37341398978606
5 228.68752227537334
btn 229.38935417635366
6 230.68680200492963
6 232.68610008293763
6 234.68537359219044
6 236.6846607858315
6 238.68394642416388
6 240.68314684880897
6 242.68251459067687
6 244.6817128388211
6 246.68108431249857
6 248.68037461536005
6 250.6796216899529
3 252.6787748434581
2 301.67801414290443
6 303.67951004207134
6 305.67852977709845
5 307.694569171872
6 309.6936053899117
6 311.69265809096396
6 313.6917114141397
5 315.6907414123416
6 317.68978385068476
6 319.6888306424953
btn 320.5900223236531
6 321.687591006048
5 323.68688161997125
6 325.68614144576713
6 327.68544574361295
5 329.68473231513053
6 331.68401546543464
4 333.6832081153989
1 382.6822465104051
6 384.69825107371435
6 386.69752116221935
6 388.6968086664565
6 390.6960871517658
6 392.69535941723734
5 394.69463696936145
btn 395.54544733604416
6 396.6939412676729
6 398.69322659494355
5 400.6925109894946
btn 401.4099599500187
5 402.69179569464177
btn 403.39265386154875
6 404.6910788449459
6 406.6903613731265
5 408.68962959572673
btn 409.34058507392183
6 410.688932960853
6 412.68821393419057
3 414.68743581790477
1 463.686662055552
6 465.70269118761644
5 467.7019600318745
btn 468.23715564003214
6 469.7012341632508
6 471.7005210458301
6 473.6997531922534
6 475.6990438066423
6 477.6982712885365
5 479.69756096974015
btn 480.3983927019872
5 481.69699122197926
btn 482.6314640091732
6 483.69614002108574
6 485.6954107317142
6 487.6946923271753
6 489.69397641019896
6 491.693259249907
6 493.69254488823935
3 495.6917624180205
2 544.6910206885077
6 546.70705044223
6 548.706281344872
6 550.7055713371374
6 552.7048737695441
6 554.7041609627195
6 556.703429184854
5 558.7027421910316
btn 559.2379262926988
6 560.7019805577584
6 562.7012649523094
6 564.7005561883561
6 566.699835295789
btn 567.3849759506993
6 568.6991147142835
btn 569.6342045208439
6 570.6984015963972
6 572.6976856798865
6 574.6969772269949
4 576.6961642792448
2 625.6952160471119
6 627.7112374040298
5 629.7105046934448
5 631.7097915755585
btn 632.4106600056402
6 633.7090719272383
6 635.7083588093519
6 637.707643203903
6 639.7069266652688
6 641.7076998054981
6 643.706719851587
5 645.7057725526392
6 647.7048408035189
6 649.7038807538338
5 651.7029241248965
6 653.70201290166
6 655.7012976068072
4 657.7005207347684
1 706.699556952808
6 708.7155618267134
6 710.7148334700614
6 712.7141178646125
btn 713.3983233496547
6 714.7134025697596
6 716.712688208092
6 718.7119691814296
6 720.7112389588729
6 722.7106947130524
6 724.7098761671223
5 726.7091076918878
btn 727.3765992280096
6 728.7083914643154
6 730.7076584426686
6 732.7069605640136
6 734.7062437143177
6 736.7055125585757
3 738.7047462603077
2 787.7039616131224
6 789.7199982088059
6 791.7192630101927
6 793.7185408738442
btn 794.5859006713144
6 795.7178274448961
6 797.7171105952002
6 799.716313819401
btn 800.5005025723949
6 801.7156772068702
6 803.7148645701818
5 805.7141498974524
5 807.7134342915379
btn 808.8131631640717
6 809.7127211741172
6 811.712001836393
6 813.711288407445
6 815.7105771559291
btn 816.5780224776827
6 817.7098534642719
4 819.7090734820813
1 868.7091546524316
6 870.725328087341
5 872.7242909097113
btn 873.7568041631021
6 874.7233473430388
6 876.7223823172972
6 878.7214636299759
6 880.7207523779944
6 882.7200454804115
6 884.7193081048317
6 886.7186083602719
5 888.7178697404452
btn 889.2198265381157
5 890.717153201811
btn 891.3523376765661
6 892.7164270225912
5 894.7157151484862
btn 895.3176101199351
6 896.7149982987903
6 898.7142923343927
3 900.7134660133161
EndData 949.7291648657992
