StartData 59.30050213681534
2 149.32354955328628
6 151.32768364530057
6 153.33907175902277
6 155.3371121622622
btn 155.8884619232267
6 157.3376455232501
5 159.33691903296858
5 161.33621182385832
btn 162.0202490594238
6 163.3355080364272
6 165.33466274477541
6 167.33391914935783
6 169.33320136647671
btn 170.3005099114962
6 171.33246896695346
6 173.33176237996668
6 175.33128779754043
btn 176.05165111785755
6 177.33167716674507
6 179.3297928320244
4 181.3288324708119
1 230.32874352578074
6 232.34398054610938
6 234.34325218992308
5 236.34253316326067
btn 236.92786750756204
5 238.34182346612215
btn 239.42481724219397
6 240.34105468029156
6 242.34029740048572
6 244.3395681111142
6 246.33883788855746
6 248.33813410066068
6 250.33741631824523
6 252.33670164551586
6 254.33598666172475
6 256.336427656468
6 258.33467736141756
5 260.3339518038556
btn 261.06920227222145
3 262.3331152200699
1 311.33230787003413
6 313.34830465819687
6 315.3475735024549
6 317.3468463900499
5 319.34614415699616
btn 320.04709064774215
6 321.34534489316866
6 323.34461000561714
6 325.34389595501125
5 327.3431800380349
btn 328.07733610551804
6 329.342461633496
6 331.3417447838001
6 333.3410307331942
5 335.3404339286499
6 337.3397102369927
5 339.3389734835364
btn 339.94084170879796
6 341.338257255964
3 343.3374567478895
2 392.3366024373099
6 394.3526228610426
6 396.35189637029544
6 398.35118045378476
btn 399.118618871551
6 400.3503640848212
6 402.3496540770866
6 404.34892261074856
5 406.34821944497526
5 408.3475032169372
btn 409.1316487416625
6 410.3467860566452
6 412.34605552302673
btn 413.84659168310463
6 414.34545560833067
6 416.344777633436
6 418.3440278181806
6 420.34330661408603
5 422.342580745928
4 424.34177899360657
2 473.3409405439161
6 475.3439873880707
6 477.35613122582436
5 479.3554153093137
6 481.3546975264326
6 483.3539788108319
btn 484.37041752645746
6 485.35324019147083
6 487.3525457335636
6 489.35184629959986
5 491.35215138830245
5 493.35051149781793
btn 493.9856745135039
6 495.3498157961294
6 497.34905416239053
5 499.34834384405985
6 501.34762606117874
6 503.34685976291075
4 505.3460374851711
1 554.3452581246383
6 556.3612045310438
6 558.360462801531
6 560.359730090946
5 562.3590269251727
6 564.358287373092
5 566.3575708339922
btn 566.9251475217752
6 568.3568782424554
6 570.3570651519112
6 572.3555754730478
6 574.3548707524315
6 576.35410103295
5 578.3533978671767
btn 578.7877425234765
5 580.3526723096147
btn 581.2033697841689
6 582.3518652706407
6 584.3511568177491
3 586.3503690608777
2 635.3495921883732
6 637.3655165140517
5 639.3647866025567
6 641.3640697528608
6 643.3633541474119
6 645.3626447613351
btn 646.213441755157
6 647.3619251130149
5 649.3620072160847
6 651.3606189223938
6 653.3599129579961
6 655.3600323810242
btn 656.0610768357292
6 657.3584332307801
btn 658.3750246465206
6 659.3577235341072
6 661.3569510160014
6 663.356195602566
6 665.3554803077132
4 667.354700947646
1 716.3538541006856
6 718.374231913127
6 720.3576672435738
6 722.3557797987014
5 724.3708236897364
btn 725.1049355953
6 726.3688737340271
6 728.36691755848
6 730.3656707690097
6 732.3649165993556
5 734.3641985058784
btn 734.8495209701359
6 736.3634919193573
6 738.362698874902
6 740.3619901114143
6 742.3612455828115
6 744.3605262450874
6 746.3598125055432
3 748.3590147965588
2 797.3581747915596
6 799.3741830866784
6 801.3734481991269
6 803.3727133115754
6 805.3727938598022
btn 806.1079594260082
6 807.3714323122986
btn 808.2066001170315
5 809.3707185722888
6 811.3699584938586
5 813.369254084304
5 815.3685310147703
btn 816.0364968222566
6 817.3677233536728
6 819.3670089920051
6 821.3662983621471
6 823.3655563220382
5 825.3648752369918
6 827.364129153546
4 829.3633469943888
1 878.3624811768532
6 880.3785053323954
5 882.3777754209004
btn 882.8477202933282
6 884.3777060685679
6 886.3764816704206
6 888.3757548690774
5 890.3750156275928
btn 890.9769050003961
6 892.3742981557734
6 894.3735607801937
6 896.3727671140805
6 898.3720577284694
6 900.3713352810591
5 902.370623096358
btn 903.1880730520934
5 904.3699087342247
btn 905.1040648017079
6 906.369186908938
6 908.3684504660778
3 910.3682539155707
EndData 959.3834688556381
