StartData 42.12074920581654
2 132.1462239593966
6 134.16239086305723
6 136.1617051132489
6 138.16085360152647
btn 138.7616498178104
5 140.16015603370033
6 142.15944042801857
6 144.15872202336323
6 146.15799553284887
5 148.15914902323857
5 150.15716361394152
btn 150.52609519392718
6 152.156218181015
6 154.15533214865718
6 156.15457455825526
6 158.1538797894027
btn 158.77218113245908
5 160.1531657386804
6 162.1524585300358
4 164.1514602274401
1 213.1505151054589
6 215.16652029042598
6 217.16579006786924
5 219.16507695009932
btn 219.51599834300578
5 221.1643557464704
btn 221.54860396240838
6 223.1636398298433
6 225.16292049211916
6 227.16220644151326
6 229.1629226692021
6 231.1620002500713
6 233.16102807119023
6 235.1600726863835
6 237.15875281218905
6 239.15802974253893
6 241.15732782077976
6 243.15658826823346
3 245.15579398022965
2 294.15481651446316
6 296.17081890045665
6 298.1702025029808
5 300.1693550343625
6 302.1686534235487
6 304.1679378178669
6 306.1672259441111
5 308.16650629544165
6 310.16790858411696
6 312.16598381940275
btn 312.8509907453554
6 314.1650334104197
5 316.1559516560519
6 318.1630977608729
6 320.1623152906541
5 322.16161896684207
6 324.16090864816215
4 326.16009476722684
1 375.15911139245145
6 377.17522760364227
6 379.1743863548618
6 381.17366888327524
6 383.17295483255293
6 385.1722395378165
5 387.1715186452493
btn 387.5890992822824
6 389.1708049054723
6 391.17008929979056
5 393.1709389454918
btn 393.70597812195774
5 395.16998356068507
btn 395.6050497315591
6 397.16903159674257
6 399.1673192434246
5 401.166616388713
btn 401.7351375760045
6 403.1659132229397
6 405.16520756913815
3 407.1643974201288
1 456.16339942859486
6 458.1794201633893
5 460.1786862089066
btn 460.8961715562036
6 462.1779584742617
6 464.17725406459067
6 466.1765393918613
btn 466.61078577290755
6 468.17582005425356
6 470.1751063144766
5 472.1743894648971
btn 472.71192844060715
5 474.17490634298883
btn 474.626945523778
6 476.1739382072119
6 478.17303195991553
6 480.1720280593727
6 482.17108760238625
6 484.17021836386994
6 486.169478189433
3 488.16867705935147
2 537.1677176314406
6 539.1837125534657
6 541.1829950818792
6 543.1822748112027
6 545.1815607604804
6 547.1808448438533
btn 547.964941230719
6 549.1801239511697
btn 549.7309904218419
5 551.1794102115091
6 553.1786930508679
6 555.177976201172
6 557.1773762865923
6 559.1770942118019
btn 559.7289583629463
6 561.1760010549333
btn 561.7610990409739
6 563.1752263596281
6 565.174499558052
6 567.1737892393721
4 569.1730002382537
2 618.17200939951
6 620.1880307564279
5 622.1872815629467
5 624.1865790191805
btn 624.5708340770798
6 626.1858519066591
6 628.1851468748646
6 630.1844085663324
6 632.1837141085416
6 634.1829972588457
6 636.1822794761974
5 638.1829027155181
6 640.1819448426832
6 642.1809978546808
5 644.1800449577859
6 646.1788429517765
6 648.1781096191844
4 650.177306001191
1 699.176322626532
6 701.1923072856152
6 703.1915994548472
6 705.1908586584032
6 707.1901449186262
6 709.1894293129444
6 711.1887109082891
6 713.1879965466214
6 715.1872958688764
6 717.1865808852017
5 719.1878705925774
btn 719.5728894608328
6 721.1858836283209
6 723.1849888879806
6 725.1840017813956
6 727.1831023760606
6 729.1824097841745
3 731.1815971472533
2 780.1806221695151
6 782.1966282874346
6 784.1958974428708
6 786.1951787272701
btn 786.8293533922406
6 788.1944485047134
6 790.1937276120298
6 792.1930362641579
btn 792.8605116284452
6 794.1922954677138
6 796.1916010098066
5 798.1928070589202
5 800.1918740657857
btn 800.6268954530824
6 802.1908903801814
6 804.189933129237
6 806.1889864522964
6 808.1874059620313
6 810.1867111931788
4 812.1859044652665
1 861.1848999427166
6 863.20093156246
5 865.2002019619104
btn 865.6677313153632
6 867.1994795142673
6 869.1987440047087
6 871.1980467479443
6 873.1973470031517
6 875.1966205125209
6 877.1958961988566
6 879.1951802822296
5 881.1967984031653
btn 881.7318472204497
5 883.1948683515657
btn 883.6971317926655
6 885.1939076796407
5 887.1929610027
btn 887.9280080784811
6 889.1919984648703
6 891.1910536539508
3 893.1901819274062
EndData 942.2058577657444
