StartData 39.213172431336716
1 129.24096162966453
6 131.2572977162199
5 133.2574320671847
btn 133.8093335381709
6 135.2414719768567
6 137.2435279826168
6 139.24458724074066
6 141.24566578073427
5 143.24667403521016
btn 143.78250998759177
5 145.25211214076262
btn 145.80380431027152
6 147.25143229984678
6 149.2508224332705
6 151.25189102138393
6 153.25391841528472
5 155.25499602232594
btn 155.8568788644625
6 157.25602200359572
6 159.25706415693276
3 161.24186632200144
2 210.2571033425629
6 212.26129217050038
5 214.26059584668837
6 216.26130150037352
6 218.26237444241997
6 220.2634234376019
6 222.26444599800743
btn 222.75057705619838
6 224.2664998266846
btn 224.98550284281373
6 226.2675438459264
6 228.27220165834296
6 230.27149662654847
6 232.2716667422792
btn 232.8737287191907
6 234.27273595228326
5 236.27378930151463
5 238.25882720283698
btn 238.73640737950336
6 240.26780383998994
4 242.26709569827653
1 291.26006621762644
6 293.265583627508
6 295.26485620392486
5 297.2641878699651
btn 297.8155653097201
6 299.265303107677
6 301.26636982965283
5 303.26741975790355
btn 303.80354089522734
6 305.268475283985
6 307.2705073428806
6 309.27155975904316
6 311.2757837296231
6 313.2751014007954
5 315.27568576543126
btn 315.744749892503
5 317.2767587073613
btn 318.162848651642
6 319.260805459111
6 321.2628599097952
3 323.26380534272175
1 372.2620497607859
6 374.2631783714751
6 376.265189593425
6 378.268451959244
5 380.2677550134249
btn 380.82031393342186
6 382.26834528695326
6 384.27039227378555
5 386.2714226091048
btn 386.65738908725325
6 388.27247315924615
6 390.2735339724459
6 392.2755974420579
5 394.26270720991306
btn 394.76462793163955
6 396.2786834720755
5 398.2627096979413
btn 398.99886174837593
6 400.26377673097886
6 402.26482230518013
3 404.26678470056504
2 453.26501108077355
6 455.2661493322812
6 457.2671656727325
6 459.2727424832992
btn 459.70802635268774
6 461.2720629533287
btn 461.6740448793862
6 463.2713392616715
6 465.2723577792058
btn 465.7753772556316
6 467.27440974186175
6 469.2754559380701
6 471.2765046223067
6 473.27758098533377
6 475.27956204058137
6 477.2662855492672
btn 478.03386142803356
6 479.2656187702669
6 481.26674520387314
6 483.26779575413093
4 485.26874989503995
2 534.2669840501621
6 536.2691028773552
6 538.2777666508919
6 540.2770317633403
6 542.2763338845689
6 544.2756297858432
5 546.2753290510736
5 548.2763488125056
btn 548.8624127573567
6 550.2774360603653
6 552.2794765161816
6 554.2805370183196
5 556.2815763725666
5 558.282622568775
btn 558.6893083348405
6 560.2698819265934
6 562.2692014636705
6 564.2707670259988
4 566.2717224109219
1 615.269929198199
6 617.2710898416117
6 619.2731128815794
6 621.2741407288704
6 623.2752090059221
5 625.2799215539126
btn 625.7984038353898
6 627.2792190101463
6 629.2793462082045
5 631.2804029783001
btn 631.7324328290997
6 633.2814367346
6 635.2835294380784
6 637.2845666153589
5 639.285595706664
btn 639.821658998495
6 641.2741783596575
5 643.2734817247838
btn 643.8420620016987
6 645.2727717170492
3 647.2736767203314
2 696.2729828845477
6 698.2741030981997
5 700.2750839848304
6 702.277130660601
6 704.2781777898781
6 706.2792274070671
btn 706.9193433718756
6 708.2834790564375
btn 708.7355651977705
6 710.2827992155217
6 712.2833723842632
6 714.2844431492267
btn 714.7034633945441
6 716.2854784606025
6 718.2875133184716
6 720.2790955440141
6 722.2784769696882
6 724.277789664804
btn 724.879618704319
6 726.277086809976
4 728.2766315093031
2 777.2753697917797
6 779.2770398493158
6 781.278051213827
6 783.2790939890547
6 785.2801585341804
6 787.2822375536198
btn 788.0179772212869
6 789.2832402101485
5 791.2870782326208
5 793.2863962147385
btn 793.6716421112651
6 795.2874032252003
6 797.2884192547062
btn 797.8075487223687
6 799.2895186315291
5 801.2905483448412
6 803.2755881120684
6 805.2766399063403
btn 805.833896446391
6 807.281336904387
4 809.2805423053214
1 858.2796982575674
6 860.2959780534729
6 862.2810311936773
6 864.2820661939913
6 866.2831179881468
5 868.2841741362354
btn 868.6201990508707
6 870.2862065061927
6 872.2873018400278
6 874.2906609260244
6 876.2899543392705
5 878.2914076314773
btn 878.7934151215013
6 880.2924588036258
6 882.2935028228676
6 884.2945543060778
6 886.2965670831036
6 888.2806536424905
3 890.284833140322
EndData 939.3005854842486
