StartData 38.43872661376372
2 128.4584917606553
6 130.47465182247106
6 132.47386157733854
6 134.4731450387044
btn 134.8906320654787
6 136.47242601204198
5 138.47171196143609
5 140.47099542268552
btn 141.03842500818428
6 142.4702810610179
6 144.46954213047866
6 146.4688461177284
6 148.4681311340537
btn 149.13557726459112
6 150.46741801628377
6 152.46668717171997
6 154.46597685304005
btn 154.86683390045073
6 156.46526062535122
6 158.46454812970478
4 160.4636655182112
1 209.46278912678827
6 211.47880457458086
6 213.4780631561298
5 215.47735283744987
btn 215.87828203628305
5 217.47660893097054
btn 217.99420424713753
6 219.4759004781954
6 221.47520104446448
6 223.4774884324288
6 225.47659929003567
6 227.47567096189596
6 229.47469131916296
6 231.47473952383734
6 233.47379440185614
6 235.47283777303528
6 237.47188643109985
5 239.47094224207103
btn 239.9399460356217
3 241.46991159580648
1 290.46718476805836
6 292.48322074173484
6 294.4824659504229
6 296.48175625363365
5 298.4810642838711
btn 298.9496348575922
6 300.48035178810824
6 302.479608503636
6 304.4789124907693
5 306.4782024831511
btn 307.246723794844
6 308.4774756814586
6 310.4767603868386
6 312.47602643223945
5 314.4753375723958
btn 314.8606534433784
6 316.47461605782155
5 318.47389703115914
btn 319.0590043470729
6 320.47314783767797
3 322.4723355117021
2 371.4714700052282
6 373.4874966489151
6 375.4867608284112
6 377.48605019878596
btn 378.0036038411781
6 379.48527114954777
6 381.4846177434083
6 383.483892807737
5 385.4830870127771
5 387.48236829706
btn 387.833306483808
6 389.4817469237605
6 391.4809417506913
btn 391.89853420562577
6 393.4803098033881
6 395.47949965449516
6 397.4787840488134
btn 398.22957040637266
6 399.47806284518447
5 401.4773444405291
4 403.4766499826219
2 452.4756840238115
6 454.4916916968068
6 456.49096427322365
5 458.49024431349244
6 460.48953523882665
6 462.48897637601476
btn 463.0565539962845
6 464.4881114914315
6 466.48737162793986
6 468.48665073525626
5 470.4859429044882
5 472.4852064619772
btn 472.9194627950201
6 474.48451076017227
6 476.4837942215381
5 478.4830761278281
6 480.4823611441534
6 482.48165362444706
4 484.4808618243551
1 533.4799866768299
6 535.4959890628234
6 537.4952575962525
6 539.4945395025425
5 541.4938248299295
btn 541.9113983139396
6 543.4931067362195
5 545.4923914415995
btn 545.909969279659
6 547.4916730369441
6 549.4909474792657
6 551.4925612462685
6 553.4915890675038
6 555.4906339936424
5 557.489672388765
btn 558.1746985965874
5 559.4887434387347
btn 560.1737540966133
6 561.488791021402
6 563.4878343924647
3 565.4867838423233
2 614.4843963130843
6 616.5004297987325
5 618.4996607014909
6 620.4989463398233
6 622.4982537479373
6 624.4975095305126
6 626.4968001447851
5 628.4961072419537
6 630.4953885262366
6 632.4946318689035
6 634.4939209282165
btn 634.9291320240591
6 636.4932109204819
btn 636.9617563034408
6 638.4924819419393
6 640.4917629152769
btn 641.4768117014319
6 642.4910358026391
6 644.4903391678818
4 646.4895458127139
1 695.4886610242538
6 697.5045962347649
6 699.503860414261
6 701.5031634684419
5 703.502518770285
btn 703.9703392175725
6 705.5017188842176
6 707.5010869369144
6 709.5002842518734
6 711.4995807750383
5 713.4989385649096
btn 713.9330894696759
6 715.4981231288984
6 717.4974093892379
6 719.4966884965543
6 721.4959756899625
6 723.4952607061714
6 725.4945398136042
3 727.4937620083801
2 776.4928862388479
6 778.5088873808272
6 780.5081568473252
6 782.507422892726
6 784.506726568914
btn 785.0909360345686
6 786.5060122072464
btn 787.1235105543165
5 788.505289448658
6 790.504575708881
5 792.5038632132346
5 794.5031441865722
btn 795.0206909871195
6 796.5024298249045
6 798.5017079992685
6 800.5009728007717
6 802.500276165898
5 804.4995512303431
6 806.4988461985486
4 808.498062484432
1 857.4999315805035
6 859.5150457570562
5 861.5150731249014
btn 862.2500884787878
6 863.5141211609589
6 865.5131632880075
6 867.5121998172253
5 869.511268690112
btn 869.9303268771619
6 871.5103282331256
6 873.5093426815001
6 875.5084093774203
6 877.508464424056
6 879.5075053070905
5 881.5065654721111
btn 882.3739003898809
5 883.5055995133007
btn 884.2906668350333
6 885.5046472384129
6 887.5036847005831
3 889.502648456255
EndData 938.518193364609
