StartData 45.61188130144728
2 135.6431292896741
6 137.6594685826567
6 139.65858783200383
6 141.65791887207888
btn 142.1929895109497
6 143.6572125921375
5 145.65649947023485
5 147.65578665933572
btn 148.09085477911867
6 149.65506296342937
6 151.65440582140582
6 153.6537010964821
6 155.6532090952387
btn 156.75265865720576
6 157.65226832171902
6 159.6519790921593
6 161.65103551954962
btn 162.43590626353398
6 163.65110269549768
6 165.65016223292332
4 167.64996257121675
1 216.65447797329398
6 218.6546300521004
6 220.67066145554418
5 222.66969207004877
btn 223.53879019321175
5 224.6697520929738
btn 225.2378561682999
6 226.6688377543469
6 228.66891954722814
6 230.66795047273627
6 232.6670100101619
6 234.66708371700952
6 236.66614480945282
6 238.66620483237784
6 240.66524819785263
6 242.6653312346898
6 244.6643854851718
5 246.66444208705798
btn 247.04944457038073
3 248.6699383816449
1 297.66935183655005
6 299.68540905299596
6 301.6846869121073
6 303.6841482609743
5 305.68327341927215
btn 306.1684354764875
6 307.6832650222932
6 309.6823488177033
6 311.6824131946196
5 313.68147211003816
btn 314.2506444687606
6 315.6815293339314
6 317.6806249473593
6 319.6796487198444
5 321.6797162067378
6 323.6787825861247
5 325.67883359006373
btn 326.11390606383793
6 327.67786544852424
3 329.67784585559275
2 378.67404917336535
6 380.69005818490405
6 382.689339464996
6 384.68863318511285
btn 385.23949886782793
6 386.6879309481592
6 388.6872271562461
6 390.6865423352574
5 392.68581863940926
5 394.68511111545376
btn 395.1860035285936
6 396.6845174173941
6 398.6837178376154
btn 399.084620171634
6 400.68299880670384
6 402.68240510858595
6 404.6816804797272
btn 405.1825402379036
6 406.68098197481595
5 408.68027538387105
4 410.6794723831117
2 459.67983065452427
6 461.6799914413132
6 463.6960368397413
5 465.6950665212353
6 467.69512903213035
6 469.6942003875738
btn 470.4632683126838
6 471.6942573004635
6 473.69328169495566
6 475.69339520978974
5 477.69246314425254
5 479.69249766517896
btn 480.1434895826387
6 481.691545384645
6 483.69061394105665
5 485.69070195395034
6 487.68967752147
6 489.6897950792918
4 491.68874514492927
1 540.6942800034303
6 542.7104323857347
6 544.709446517285
6 546.7095227121608
5 548.6975856174249
btn 549.2484553431277
6 550.6968768494553
5 552.6961708805757
btn 553.2480345607619
6 554.6954711316503
6 556.6947732486879
6 558.7107181943138
6 560.7100321293692
6 562.709318696463
5 564.7086021535797
btn 565.4438078284147
5 566.7079123565927
btn 567.5763175727916
6 568.707205765706
6 570.7064938877593
3 572.705708924972
2 621.7077223358792
6 623.7078697496909
5 625.7238961771945
6 627.7229715755675
6 629.7230291105225
6 631.7221013989183
btn 632.2081731297076
6 633.7221539578168
5 635.7212100742618
6 637.7212393082445
6 639.7203199936193
6 641.7203837485285
btn 642.5884138992988
6 643.7194557259791
btn 644.6216463755118
6 645.7195272558602
6 647.7185793293174
btn 648.3705854783766
6 649.7186424622196
6 651.7177026216523
4 653.7176494407468
1 702.7099186145351
6 704.7259674340021
6 706.725237207138
6 708.7245222192141
5 710.723817805294
btn 711.1591586716822
6 712.7231214773492
6 714.7224133314448
6 716.7217154484824
6 718.7210085465922
5 720.7202938696719
btn 721.3720956920879
6 722.7196379716625
6 724.7189279597951
6 726.718226033845
6 728.7174964289297
6 730.7167994790361
6 732.7161006630631
3 734.7152970402967
2 783.7196311297012
6 785.7357816459844
6 787.7357962629758
6 789.7292124030646
6 791.7285095441039
btn 792.4293267575558
6 793.7278057521908
btn 795.0608007180272
5 795.7271000942565
6 797.7263966133469
5 799.7256716734846
5 801.7249856084818
btn 803.2412264701561
6 803.724277773581
6 805.7235761586344
6 807.7228726777248
6 809.7221779047977
5 811.7214607399073
6 813.7207572589978
4 815.7199884681613
1 864.7361769264098
6 866.7522133058519
5 868.7514538450632
6 870.750777732057
6 872.7500555911683
btn 873.8332625809708
6 874.7493521102588
5 876.7486476963386
6 878.7479644303676
6 880.7472646814422
6 882.7465552915237
6 884.7458340836456
6 886.7451212727465
5 888.7448634541361
5 890.7438940685824
btn 891.1629416698706
6 892.7439848804497
6 894.7430553028826
3 896.7430117629701
EndData 945.7645201790729
