StartData 44.020010020409245
2 134.03662112704478
6 136.05303070595255
6 138.05198201554595
6 140.05100019002566
btn 140.58603008795762
5 142.0500597274513
6 144.0501399653731
6 146.0491991917952
6 148.04826588224387
5 150.0483122211299
5 152.04738699755399
btn 152.6993318797322
6 154.046441248036
6 156.0455035844352
6 158.04558755434118
6 160.04462594375946
btn 160.57956409687176
5 162.043680505245
6 164.0427633676445
4 166.04255904094316
1 215.04308152012527
6 217.0582253310131
6 219.05825922993245
5 221.05731970036868
btn 221.52635860920418
5 223.0563839027891
btn 223.7914443408954
6 225.0564367727493
6 227.05550066416617
6 229.05456051259534
6 231.05361787305446
6 233.05368753691437
6 235.05274054338224
6 237.05180194682907
6 239.05088014423382
6 241.0509211961762
6 243.0499891305808
6 245.04904804599937
3 247.04898087010952
2 296.0449556032545
6 298.06097207881976
6 300.0602717078873
5 302.0595641839318
6 304.0588607030222
6 306.05815442308085
6 308.05745343019953
5 310.05672849027906
6 312.0560402483097
6 314.05533583438955
btn 314.6062431910541
6 316.05463235348
5 318.0539307385334
6 320.05729108839296
6 322.0525166237494
5 324.0518128317781
6 326.05110686289845
4 328.05034460301977
1 377.0497571249143
6 379.0540840612957
6 381.05419011216145
6 383.0532328556292
6 385.052252274123
6 387.0523098090198
5 389.0514315463952
btn 389.53656343661714
6 391.0504574958468
6 393.06651999929454
5 395.0655748717836
btn 395.56768298201496
5 397.0656376936822
btn 397.7166735242354
6 399.0646947430796
6 401.06374837155454
5 403.06282221496804
btn 403.76490022049984
6 405.06288223789306
6 407.06193928729044
3 409.06090739089996
1 458.0545455846004
6 460.07056485913927
5 462.0698427182506
btn 462.55410412081983
6 464.06913674931275
6 466.06843389041023
6 468.06773134245304
6 470.0670225745416
6 472.0663187826285
5 474.0656162346713
btn 474.5831113574677
5 476.0649102657917
btn 476.7325183280045
6 478.0642067848239
6 480.0635020599002
6 482.06279515801
6 484.062094476074
6 486.06139037315734
6 488.0606862702407
3 490.05991561338305
2 539.0593352883006
6 541.0753505197936
6 543.0746321108891
6 545.0739245869918
6 547.0732204840751
6 549.072516692162
btn 550.155606435088
6 551.0718104122207
btn 552.0716216355213
5 553.0711125293165
6 555.0704037613468
6 557.0696977924672
6 559.0615191269317
6 561.068292074604
btn 562.3679671733989
6 563.0675857946626
btn 564.7837788246106
6 565.0668795147794
6 567.0661782108364
6 569.065471930895
4 571.0647062500939
2 620.0641187719884
6 622.0801343144849
5 624.0794152835733
5 626.0787127356743
btn 626.4963362701237
6 628.0780095657683
6 630.0773070178111
6 632.0765970058856
6 634.0759849588503
6 636.0752034170437
6 638.074481276155
5 640.0737759292242
6 642.0730712043005
6 644.0723674123874
5 646.07176438428
6 648.0709884404787
6 650.0702516825986
4 652.0694838247728
1 701.0689781395486
6 703.0849199751974
6 705.0842942441232
6 707.0835764572257
6 709.0828810622916
6 711.0821791363414
6 713.0814762774389
6 715.0807681315346
6 717.0800543876248
6 719.0793673896696
5 721.0786424497492
btn 721.4963487100904
6 723.0779529638239
6 725.0771596040577
6 727.0765419589588
6 729.0758254160755
6 731.0751266001607
3 733.0743347953539
2 782.0737516712397
6 784.089796447719
6 786.0890587568283
6 788.0883543429081
btn 788.5069314019056
6 790.0876449529896
6 792.0869626200292
6 794.0862367471564
btn 794.9379963358515
6 796.0855453952099
6 798.0848465792951
5 800.0841539833345
5 802.0834312204388
btn 802.585394404945
6 804.0827330265311
6 806.0820258135791
6 808.0813210886554
6 810.0806098327739
btn 810.9990041795536
6 812.0799156818539
4 814.0791061500786
1 863.078535465931
6 865.0945864624227
5 867.0938857804867
btn 867.662413748214
6 869.0931350276223
6 871.092428747681
6 873.0917392617557
6 875.0910612827865
6 877.0903142619063
6 879.0896213550004
6 881.088949906989
5 883.0882532680989
btn 883.6735521961818
5 885.087495673215
btn 885.8559428433073
6 887.0867903263425
5 889.0861285193241
btn 889.7712610937888
6 891.0853992254706
6 893.0847196914838
3 895.0838880787487
EndData 944.0999726631562
