StartData 187.0915990009671
1 277.12788766948506
6 279.14404751575785
5 281.1432609979529
btn 281.8606544860522
6 283.1425702680135
6 285.14187083009165
6 287.1431835590629
6 289.14123079308774
5 291.14028131152736
btn 291.6582796315197
5 293.1392332431278
btn 293.92417458392447
6 295.138509858225
6 297.13780357828364
6 299.13709885341814
6 301.1363810664625
5 303.1356785185635
btn 303.67073858343065
6 305.1349793916452
6 307.1342712457408
3 309.1332545882906
2 358.13275450101355
6 360.1486863846658
5 362.1479769947473
6 364.14726480585523
6 366.1465591479209
6 368.14585877698846
6 370.1451506310841
btn 370.64605299622053
6 372.1444471501745
btn 372.87862466060324
6 374.14373091823654
6 376.143036456313
6 378.1423164923908
6 380.1416095905006
btn 380.94240413210355
6 382.1438851740095
5 384.1429543524282
5 386.1410165143898
btn 386.693070526293
6 388.14008911378914
4 390.138136347814
1 439.1375613096752
6 441.15371058200253
6 443.1528976292466
5 445.152160560363
btn 445.6374174723751
6 447.15144090744434
6 449.1507396035595
5 451.15003363462165
btn 451.70203228859464
6 453.1493155367207
6 455.14862138574244
6 457.1479263018118
6 459.1471233010525
6 461.146412045171
5 463.14570980821736
btn 463.62998831574805
5 465.1450066383113
btn 465.9791493478697
6 467.1442969373893
6 469.14359096845146
3 471.14280600566417
1 520.1422406085185
6 522.1582552180625
6 524.1575340101263
6 526.1568376821815
5 528.1561270483071
btn 528.723697137495
6 530.1554213903728
6 532.1547113784472
5 534.1540138065466
btn 534.8406970245996
6 536.1545219797408
6 538.1536210141494
6 540.1520091035636
5 542.1513277036138
btn 542.9197894906392
6 544.1506183136953
5 546.1499254067894
btn 546.7517527155578
6 548.1491718549514
6 550.1484745939961
3 552.1476896312088
2 601.1471080621122
6 603.163157503528
6 605.162412348669
6 607.1617163317278
btn 607.6960623417399
6 609.1609158189967
btn 609.6784610126633
6 611.1602188690449
6 613.1595057471422
btn 613.860321094573
6 615.1588047542027
6 617.1581009622896
6 619.1573949933518
6 621.1566952444264
6 623.1560881733312
6 625.1552795745665
btn 625.6395425321534
6 627.1545751606463
6 629.1538772777421
6 631.1531706867972
4 633.1524046949926
2 682.1518971437472
6 684.153078630974
6 686.1680803149939
6 688.1665172313806
6 690.16582992248
6 692.165139503486
5 694.1644052336342
5 696.1636871357332
btn 696.6655794123653
6 698.1629830328166
6 700.1622798629105
6 702.161570472992
5 704.1608641930507
5 706.1601728411042
btn 706.8112519006245
6 708.159362065373
6 710.1587518843007
6 712.1579554144992
4 714.1571875566733
1 763.1566010115785
6 765.1726202860591
6 767.171898456174
6 769.171195908275
6 771.1704890063265
5 773.1697905014153
btn 773.7707697144942
6 775.1690798674827
6 777.168375142559
5 779.1676589106792
btn 780.0017608792987
6 781.1669641377521
6 783.1662662547897
6 785.166089918057
5 787.1651432355284
btn 787.8002636653837
6 789.164262795879
5 791.1635708219255
btn 791.9819869075436
6 793.1628682739683
3 795.1620254652807
2 844.1614597571315
6 846.1774883616599
5 848.1767805267009
6 850.176054031821
6 852.1753573928727
6 854.1745783390943
btn 854.7587461618823
6 856.1738565092091
btn 856.8913093982264
6 858.1731838172418
6 860.1724526573089
6 862.1718477632385
btn 862.9234468450886
6 864.1710394754773
6 866.170340348559
6 868.1696455756319
6 870.1689218797255
6 872.168218398816
btn 873.052313541004
6 874.1675058989204
4 876.1667339980486
2 925.1702625986654
6 927.1854160504881
6 929.1844479090068
6 931.182563251874
6 933.1815590343904
6 935.1796239953837
btn 935.864761234785
6 937.1787752776872
5 939.178061222774
5 941.177352143859
btn 941.6292397399084
6 943.1766611029161
6 945.1759016420692
btn 945.727759102243
6 947.1751981611596
5 949.174504943192
6 951.1737893332611
6 953.1730989143252
6 955.1723086645361
4 957.1715983416652
1 1006.1710124185192
6 1008.1869769571349
6 1010.1862333572353
6 1012.1855273883557
6 1014.184824529395
5 1016.1841412634822
btn 1016.6683336241404
6 1018.1834097926039
6 1020.182709732675
6 1022.18200065376
6 1024.1813009047764
5 1026.1805946248933
btn 1027.0313870050013
6 1028.1798861679854
6 1030.179180510051
6 1032.1795565084904
6 1034.1786176009336
6 1036.1771835820982
3 1038.1764045283198
EndData 1087.1924272237811
