StartData 46.63268157164566
2 136.65490528661758
6 138.67121223569848
6 140.67037533596158
6 142.66966936702374
btn 143.12142230034806
5 144.66895313514397
6 146.66828977316618
6 148.6675822492689
6 150.6668246544432
5 152.66618150740396
5 154.66546776343603
btn 155.05052404967137
6 156.6647695695283
6 158.66458017088007
6 160.664674403728
6 162.6636788941687
btn 163.26557431195397
5 164.66376939509064
6 166.66383314994164
4 168.6626183858607
1 217.65969312435482
6 219.67572608275805
6 221.67502851085737
5 223.67433373793028
btn 224.07628227432724
5 225.6736280800542
btn 226.22549642517697
6 227.67293424007948
6 229.67222547216807
6 231.67160782706924
6 233.6716495010769
6 235.67071121546905
6 237.6708321942715
6 239.67085645219777
6 241.66991350171156
6 243.66997632361017
6 245.67003105953336
6 247.66911081189755
3 249.66906291793566
2 298.66450832993723
6 300.6805325804744
6 302.6798290995648
5 304.67911317863036
6 306.6788861489622
6 308.677922983421
6 310.6780050873058
5 312.6780632442096
6 314.6771090977127
6 316.67718715860974
btn 317.2792365209898
6 318.6772506025154
5 320.6763969088206
6 322.6763626987813
6 324.6764323627576
5 326.6754925221903
6 328.67554663610645
4 330.6698631197214
1 379.66929088067263
6 381.68532259517815
6 383.685219343286
6 385.68526506016497
6 387.6843342386419
6 389.68436036258936
5 391.6844402895076
btn 392.2364768853877
6 393.6835200418718
6 395.68358006479684
5 397.68368207267486
btn 398.2186706076609
5 399.68273352412507
btn 400.28474090166856
6 401.6827556050848
6 403.6828122069128
5 405.6818764093332
btn 406.1509171841899
6 407.68192274833564
6 409.68199552223086
3 411.6819597572321
1 460.6754831922008
6 462.6916327754734
5 464.6916620094562
btn 465.1267089812318
6 466.69073367584497
6 468.69078623480164
6 470.6908468796173
6 472.6899176130537
6 474.6899530669907
5 476.6900109129492
btn 477.2921737902798
5 478.6890903543681
btn 479.34114626341034
6 480.68914695631247
6 482.6892116442323
6 484.6882674496155
6 486.6883287165547
6 488.6883850074373
6 490.68845311633777
3 492.6874373918399
2 541.6809291047975
6 543.6810569256777
6 545.6811169486027
6 547.6971514620818
6 549.6972360538784
6 551.6962728883373
btn 552.4823565304978
6 553.6963553032838
btn 554.2483878561761
5 555.6964234121842
6 557.6954761076486
6 559.6955392404925
6 561.6955868233927
6 563.695600818377
btn 564.1806599347619
6 565.6947216227418
btn 566.2297630276298
6 567.694776358665
6 569.6948385585565
6 571.6849913806655
4 573.6841333329212
2 622.6873845219379
6 624.6875319357496
5 626.703562406241
5 628.703626161092
btn 629.1216602149652
6 630.7026667275932
6 632.6967468516668
6 634.6960197347216
6 636.6953342917841
6 638.6946277008392
6 640.6939263970125
5 642.693220117013
6 644.6925116601633
6 646.6918066241778
5 648.6911022103159
6 650.6903987294063
6 652.6896971144015
4 654.6889345436357
1 703.6938172361115
6 705.7099795704708
6 707.7100097374059
6 709.709130852716
6 711.7091342736967
6 713.7091955406358
6 715.7082522790879
6 717.7083151009865
6 719.7083776118234
6 721.7074405703461
5 723.7074968612287
btn 724.1925861445488
6 725.7075584391132
6 727.7076225050259
6 729.7066795544233
6 731.706738644396
6 733.6945714099566
3 735.7104454477085
2 784.6992622157559
6 786.6994155385764
6 788.6994432174833
6 790.7155013669981
btn 791.2846018847777
6 792.7155809828546
6 794.7146423863014
6 796.7146825052332
btn 797.3667318832595
6 798.7147372411564
6 800.713827878586
5 802.7138891454088
5 804.7139429483796
btn 805.1319987721508
6 806.7140070142923
6 808.7014706233749
6 810.7007547025569
6 812.7000624175416
btn 813.1686226981692
6 814.716018248233
4 816.7152183573926
1 865.7145637033973
6 867.7305823558709
5 869.7316512613324
btn 870.2476825092454
6 871.7291589110391
6 873.7284666261403
6 875.7277653221972
6 877.7270478463033
6 879.7264302013209
6 881.7257351173321
6 883.7250316364225
5 885.7243129165145
btn 886.2752336461563
5 887.7236113016261
btn 888.4420712071005
6 889.7229205716867
5 891.7222099377541
btn 892.2741072059143
6 893.7215061457828
6 895.7208011099137
3 897.7200484910281
EndData 946.7359906376805
