StartData 226.21791849999954
1 227.2302313
8 229.23123829999986
7 231.2472286000002
btn 232.11678440000014
7 233.2309153999995
7 235.23061830000006
7 237.2452174
btn 237.99976460000016
7 239.24660549999953
7 241.24701970000024
7 243.24670820000028
7 245.2465586999997
7 247.2462356999995
7 249.24607430000015
btn 249.8489727999995
7 251.24590949999947
7 253.24581789999957
7 255.24456199999986
btn 255.93203410000024
7 257.2461322999998
4 259.24508650000007
2 274.24261079999997
8 276.25925579999966
8 278.25921930000004
8 280.24402310000005
7 282.24379129999943
btn 283.0468962999994
8 284.2589410999999
8 286.2585919000003
7 288.24396629999956
btn 289.1258791
8 290.24333769999976
8 292.2433896000002
8 294.2430236
7 296.2429704999995
btn 296.91249379999954
8 298.2428334999995
7 300.2593574000002
btn 301.04228259999945
8 302.25919909999993
8 304.25906399999985
5 306.25911929999984
1 321.2579518000002
8 323.2735050000001
7 325.2747325
7 327.2743215999999
7 329.27408879999984
btn 329.9436117999994
7 331.2741249999999
7 333.2721935999998
7 335.2721083999995
7 337.2720196
btn 337.9104048999998
7 339.2726961999997
7 341.2737152999998
7 343.2732864999998
btn 344.27199479999945
7 345.27315850000014
7 347.27334770000016
7 349.2713082999999
btn 349.8887156999999
7 351.2727593999998
4 353.2725878000001
3 368.27164829999947
8 370.28833769999983
8 372.28822669999954
8 374.28849889999947
8 376.2883535000001
7 378.2883342999994
btn 379.05751299999974
7 380.2875226999995
btn 380.9907979999998
8 382.28795309999987
8 384.28747099999964
7 386.28622429999996
btn 387.09040749999986
8 388.28699030000007
8 390.28732450000007
8 392.2852935000001
8 394.2851197
7 396.28509810000014
btn 397.11939809999967
8 398.28657699999985
6 400.28670969999985
1 415.2854281
8 417.3020927999996
7 419.3019185000003
7 421.30177939999976
7 423.3016797999999
btn 424.0547029999998
7 425.30150009999943
7 427.30136889999994
7 429.3011961000002
7 431.2996524
btn 431.9876145999997
7 433.30096009999943
7 435.30084009999973
7 437.30115579999983
7 439.3006607999996
7 441.30047790000026
btn 442.0203382999998
7 443.3004380000002
7 445.30030329999954
4 447.3000141000002
3 462.29915900000015
8 464.31598870000016
8 466.31571650000024
8 468.31549989999985
8 470.3153765999996
8 472.3158069000001
7 474.3154386999995
btn 474.86780219999946
7 476.3154681999995
btn 477.20160769999984
8 478.31480009999996
8 480.31488269999954
8 482.31462829999964
7 484.3149830000002
btn 484.93403429999944
8 486.3143178999999
8 488.31311579999965
7 490.3140406000002
btn 490.8506989999996
8 492.3140519999997
6 494.3139516000001
2 509.3128042999997
8 511.3131543999998
8 513.3275563999996
7 515.3274621999999
btn 516.0617198
8 517.3278911999996
8 519.3273987000002
7 521.3289237999998
btn 522.3959121999997
8 523.3287918999995
8 525.3289537999999
8 527.3288660999997
8 529.3288167999999
8 531.3286109999999
7 533.3285143000003
btn 534.0812723999998
7 535.3283362000002
btn 536.2274404999998
8 537.3282586999994
8 539.3282454999999
5 541.3273987000002
3 556.3264515000001
8 558.3432119999998
8 560.3268130999995
8 562.3433453999996
8 564.3414963999994
7 566.3414189999994
btn 566.8296513999994
8 568.3428583999994
8 570.3424319999995
7 572.3427615999999
btn 572.9582290999997
8 574.3405618999996
7 576.3404285999995
btn 577.1912947000001
8 578.3419250999996
8 580.3422657000001
8 582.3420194999999
7 584.3420343999996
btn 584.8946816999996
8 586.3398677999994
6 588.3412228999996
1 603.3402470999999
8 605.3573344999995
btn 606.4912076
7 607.3573990999994
btn 608.2600538999995
7 609.3404676999999
7 611.3549925999996
7 613.3547561999994
7 615.3567802999996
7 617.3561793999997
7 619.3565398999999
7 621.3544382999999
btn 622.5569352000002
7 623.3558474000001
7 625.3561744999997
7 627.3555433000001
7 629.3560003000002
7 631.3552074999998
7 633.3533735999999
4 635.3532378
3 650.3544530999998
8 652.3706058999996
8 654.3709650999999
7 656.3702124000001
btn 657.0529841999996
8 658.3707156
8 660.3705523999997
8 662.3702726000001
8 664.3702911999999
7 666.3691005000001
btn 666.9562279000002
8 668.3698742999995
8 670.3683008999997
8 672.3683181999995
8 674.3697517
7 676.3694402000001
btn 677.0895421999994
7 678.3695585999994
btn 679.1556915000001
8 680.3693628999999
6 682.3674768000001
2 697.3666275999994
8 699.3680496999996
7 701.3680482
btn 701.9709189999994
8 703.3679198999998
8 705.3674753999994
8 707.3677073999997
8 709.3675640000001
7 711.3829365000001
btn 712.1702006999994
7 713.3837622000001
btn 714.1325064000002
8 715.3672004
8 717.3832495999995
8 719.3669184
8 721.3834348
7 723.3833763000002
btn 724.0192643
8 725.3827495999994
8 727.3831189000002
5 729.3812143999994
2 744.3818935999998
8 746.3981446999996
8 748.3981739000001
8 750.3976729999995
8 752.3960449999995
7 754.3959765999998
btn 755.0301546000001
8 756.3958874
8 758.3973409999999
7 760.3976416999994
btn 760.9004275999996
8 762.3976496999994
8 764.3974572999996
8 766.3957003999994
7 768.3972253000002
8 770.3970915
7 772.3970227
btn 772.9828052000003
8 774.3963391999996
5 776.3965504999996
EndData 791.4118312999999
