StartData 37.85181152552832
2 127.88393933139741
6 129.90026214148384
6 131.8842450439697
6 133.88423136004712
btn 134.58615759771783
6 135.88430133485235
5 137.88537055125926
5 139.88542062218767
btn 140.3043208096642
6 141.8854825111339
6 143.8855621269904
6 145.88661050633527
6 147.88667985924985
btn 148.63857843365986
6 149.88672682014294
6 151.88779696950223
6 153.89164092368446
btn 154.443365587038
6 155.89093713171314
6 157.89024235878605
4 159.8893214892596
1 208.89729302900378
6 210.89745132776443
6 212.8974665667629
5 214.8975234796526
btn 215.3836036074208
5 216.90263071388472
btn 217.52062377799302
6 218.90190795098897
6 220.90121224499308
6 222.9005498160841
6 224.8998345171567
6 226.89989205205347
6 228.89995860599447
6 230.90101600438356
6 232.90107975923456
6 234.9011488010874
6 236.90118860907387
5 238.90226466744207
btn 239.33729204628617
3 240.9107443804387
1 289.91077019344084
6 291.9108980142046
6 293.91092133917846
6 295.91197967063636
5 297.9120499565033
btn 298.4141229238594
6 299.91210593644064
6 301.92269951314665
6 303.92186168045737
5 305.9211560225813
btn 306.4053847701289
6 307.92045036458876
6 309.91984640352894
6 311.9191444775788
5 313.918434776715
btn 314.3203662082087
6 315.91772289876826
5 317.9170607808046
btn 318.435695716762
6 319.9163622758351
3 321.91568056494
2 370.914885028149
6 372.93089528370183
6 374.9302795046242
6 376.92957353568636
btn 377.5147530399263
6 378.92886010278016
6 380.9281998508377
6 382.9274904609192
5 384.9267767169513
5 386.92674312903546
btn 387.3787778278347
6 388.9277999054175
6 390.9278705022298
btn 391.6798968974035
6 392.9279246161459
6 394.9289829476038
6 396.92905883141793
btn 397.51406852994114
6 398.9291123234434
5 400.9291683032643
4 402.9301283588866
2 451.9216197228525
6 453.9217705576448
6 455.92182840348687
5 457.9228882899042
6 459.92294271476567
6 461.92301517771557
btn 462.6590540203033
6 463.9240787960589
6 465.9241335319821
6 467.92419697588775
5 469.92428996472154
5 471.9253134642495
btn 472.34803334786557
6 473.9287064690143
6 475.92799863405526
5 477.92730666010175
6 479.92661188717466
6 481.92659042822197
4 483.9265857632272
1 532.9350993752014
6 534.9405720338691
6 536.9398474049522
6 538.9391501439968
5 540.9384264481487
btn 541.4896423163591
6 542.9377767700935
5 544.9374763446394
btn 545.4566297167912
6 546.9375814624364
6 548.9376405522926
6 550.938701060717
6 552.9387632606085
6 554.9388223505812
5 556.9398900119122
btn 557.4079856591998
5 558.9399444367737
btn 559.5920050108107
6 560.940001038718
6 562.9400679036044
3 564.9410273372196
2 613.9485460616415
6 615.9496812099824
5 617.9497294148896
6 619.9497928587953
6 621.950847147149
6 623.9509071700741
btn 624.6530175195076
6 625.9509653269779
5 627.9510281488765
6 629.952093011234
6 631.9563533937326
6 633.9556412048405
btn 634.6242298485013
6 635.9549812638434
btn 636.5068228630116
6 637.9542759169126
6 639.9535571970046
6 641.9534564331407
6 643.954509788542
4 645.9544780666474
1 694.9630000755424
6 696.9668088867329
6 698.9660584449302
6 700.9653745569522
5 702.9646903580287
btn 703.5997967929579
6 704.9643516795477
6 706.9644157454604
6 708.9654691007454
6 710.9655502716778
5 712.9656018975656
btn 713.4346439164365
6 714.9666704919655
6 716.9667140318779
6 718.9667830737308
6 720.9668430966558
6 722.974190460518
6 724.9734748505289
3 726.9727763456758
2 775.9764464510372
6 777.9765969747677
6 779.9776288712164
6 781.9868568490492
6 783.9860106194392
btn 784.9034023036947
6 785.9853086934891
btn 786.8527432801202
5 787.9846005475847
6 789.9839872565353
5 791.9832949715201
5 793.9825933566317
btn 794.4012568735052
6 795.9819253296591
6 797.9812072317582
6 799.9812084757723
6 801.9813042635797
5 803.9813278994989
6 805.981384812505
4 807.9823762789601
1 856.9769944321597
6 858.9930703085847
5 860.9923484786414
btn 861.4608658413636
6 862.9916393997846
6 864.9921780509176
6 866.9922620208235
5 868.9923217326868
btn 869.4284186389996
6 870.9923845545854
6 872.9934478619834
6 874.9934973109048
6 876.977560762316
6 878.9776301152306
5 880.9776652581058
btn 881.4137693173252
5 882.9777517160401
btn 883.6638042270206
6 884.9788084924221
6 886.9831519117579
3 888.9823557529598
EndData 938.0043023674516
