StartData 63.1876266351901
1 153.214973756345
6 155.23107544577215
5 157.23043540865183
btn 158.01460142771248
6 159.22973565978464
6 161.2289914379362
6 163.22817382018548
6 165.22760935605038
5 167.2269236020511
btn 167.67771150381304
5 169.22620270517655
btn 169.96050648146775
6 171.2254964252934
6 173.2248066283064
6 175.2241019033827
6 177.2234149054857
5 179.22268996550702
btn 179.7077711628517
6 181.22198088665027
6 183.2212845586473
3 185.22033321112394
2 234.21975039807148
6 236.21986857790034
5 238.2358772783773
6 240.23489669687115
6 242.23398204729892
6 244.23400879325345
6 246.2330869906582
btn 246.75216945493594
6 248.23315230058506
btn 249.2664028146537
6 250.2322081059683
6 252.231268265401
6 254.23131958034355
6 256.23038658173755
btn 256.9994370909408
6 258.23045313567854
5 260.2295185821131
5 262.228563191602
btn 262.7145646364661
6 264.22862165945116
4 266.2276037579868
1 315.23108446469996
6 317.24727758800145
6 319.2462910974864
5 321.2463526753709
btn 321.81440636876505
6 323.2454199878266
6 325.2454765896546
5 327.24453363916837
btn 327.7966100430349
6 329.2435953535605
6 331.2436600414803
6 333.24272828688845
6 335.24278302281164
6 337.24182265624404
5 339.2409117387142
btn 339.71013133821543
5 341.2321070311591
btn 341.83303803927265
6 343.2313015423715
6 345.2472514639376
3 347.24649169214536
1 396.24597916495986
6 398.2620267403545
6 400.2612996235257
6 402.26057375059463
5 404.25988395372406
btn 404.6952381930314
6 406.2591667887755
6 408.25847450387664
5 410.25776822387706
btn 410.6930524883792
6 412.2570687859552
6 414.25636934803333
6 416.2556556041818
5 418.25499752920587
btn 418.7068506042706
6 420.25427601020783
5 422.25354485039134
btn 422.8220973870484
6 424.2528693594504
6 426.25218080647755
3 428.2513638107339
2 477.2529937592335
6 479.2531514359871
6 481.2691987004364
6 483.26825450593606
btn 483.9373261318542
6 485.2683148398064
btn 486.0533606763929
6 487.26738930516876
6 489.26643453666475
btn 490.2837251771707
6 491.2664998465916
6 493.26553979108576
6 495.26561909588054
6 497.2646848533768
6 499.2637387927389
6 501.2638097007293
btn 502.14892118936405
6 503.2628586641513
6 505.261918823584
6 507.26198724342976
4 509.2609475720674
2 558.2644637327176
6 560.2806201579515
6 562.2796535714297
6 564.2797055083793
6 566.2787715768209
6 568.2788284897106
5 570.2778948690975
5 572.2769491196377
btn 572.7130006199004
6 574.2770106975222
6 576.2760739668738
6 578.2761311908253
5 580.2811964401044
5 582.2803977932781
btn 582.8146237574983
6 584.27979134419
6 586.2790819542715
6 588.2783871813444
4 590.2775959986029
1 639.2770060325274
6 641.2930815978907
6 643.2923286680598
6 645.2916497561382
6 647.2909500071546
5 649.2902434162097
btn 649.94205674564
6 651.2895442893496
6 653.288834277424
5 655.2881143135019
btn 655.6735400671605
6 657.287516883458
6 659.2867008206667
6 661.2866240037838
5 663.2856913162395
btn 663.8378184130415
6 665.2847527196864
5 667.2848292255076
btn 667.7528586299159
6 669.2838878299808
3 671.2838505100226
2 720.2817049243022
6 722.2977357058553
5 724.297021028935
6 726.2963016870199
6 728.2956078470452
6 730.2949071651092
btn 730.9457532860106
6 732.2942033732543
btn 732.9783883320633
6 734.2935005142353
6 736.2927755743731
6 738.292087332462
btn 738.8763064701343
6 740.2913844735594
6 742.2906813035952
6 744.2899747126503
6 746.2892612797441
6 748.2885714827571
btn 748.9061058226507
6 750.2878642699216
4 752.2870982780587
2 801.2865338139236
6 803.3025303854374
6 805.3019111853791
6 807.3011949534994
6 809.300504845567
6 811.2997845706996
btn 812.0016078675399
6 813.2990897977725
5 815.2983968907502
5 817.297683457844
btn 817.7158702125307
6 819.2969805989414
6 821.2962503720773
btn 822.3628219972597
6 823.295570527087
5 825.294866113225
6 827.2941741392715
6 829.2934625723865
btn 829.7286899238825
6 831.2927671774523
4 833.2919489376945
1 882.2922366121784
6 884.3084263144992
6 886.308452127385
6 888.3075101098511
6 890.3065640493296
5 892.3066222062334
btn 892.758645709022
6 894.3056873416062
6 896.3047879310325
6 898.3048215189483
6 900.3038667504443
5 902.3039270843146
6 904.3029751147842
6 906.3020464702277
6 908.3021105361404
6 910.301176604582
6 912.301229474484
3 914.3002037979895
EndData 963.3127181079471
