StartData 38.00693960255012
1 128.02874240628444
6 130.04402669868432
5 132.04305109893903
btn 132.61190723069012
6 134.0420692791231
6 136.04134185565636
6 138.04062811587937
6 140.03991686413065
5 142.0392161863856
btn 142.64084121142514
5 144.03844273509458
btn 144.64006869331934
6 146.03774019144475
6 148.0370466664899
6 150.03631115704775
6 152.03561576618813
5 154.03488585469313
btn 154.55323036410846
6 156.03420601366088
6 158.03347330307588
3 160.0325076552108
2 209.03153329947963
6 211.04753910657018
5 213.04680888401344
6 215.0461091392208
6 217.04537487355992
6 219.04465895681642
6 221.04394179629162
btn 221.6114774318412
6 223.0432268125005
btn 223.72743758442812
6 225.04249596805312
6 227.0417974672746
6 229.04105915874243
6 231.04034666297957
btn 232.073457964696
6 233.03964536311105
5 235.03893006849103
5 237.0382178837899
btn 237.70570444408804
6 239.037482063286
4 241.03671638690867
1 290.0366355276201
6 292.05198388546705
6 294.05125397397205
5 296.0505393012427
btn 296.6522865484003
6 298.0498215185944
6 300.0490760570392
5 302.04837009240873
btn 302.73353096214123
6 304.0476610176265
6 306.0469671818428
6 308.04622420831583
6 310.04545044596307
6 312.04476687312126
5 314.0440686834045
btn 314.71252866624855
5 316.04333472880535
btn 316.7451744044665
6 318.04261881206185
6 320.0419221771881
3 322.04110891837627
1 371.04025180870667
6 373.0561705362052
6 375.05544249061495
6 377.05472439713776
5 379.05401252326556
btn 379.7215018826537
6 381.05329256365076
6 383.052557987161
5 385.05186415137723
btn 385.5860910017509
6 387.05114543577656
6 389.05042858608067
6 391.0497108034324
5 393.04900546069257
btn 393.74988539749756
6 395.0482827019878
5 397.047564297216
btn 397.7483559108805
6 399.0468480696436
6 401.04613464092836
3 403.0453509266954
2 452.04458307358436
6 454.0606255782768
6 456.0598580359947
6 458.05917228595354
btn 458.7775940473657
6 460.0584405083209
btn 460.81025440245867
6 462.05774387368
6 464.05703728692606
btn 464.77547522005625
6 466.05627503152937
6 468.0555640908424
6 470.0548472411465
6 472.05411919555627
6 474.0534051449504
6 476.05269700312056
btn 476.70375200058334
6 478.051975177601
6 480.05125583987683
6 482.05055298516527
4 484.0497443911154
2 533.0488079770003
6 535.064816582948
6 537.0640835615341
6 539.0633732427377
6 541.0626526609994
6 543.0619367444888
5 545.0612198947929
5 547.0605064660776
btn 547.844595388975
6 549.0597880613059
6 551.0591704200488
6 553.0583574720658
5 555.0576424882747
5 557.0569250166882
btn 557.6414750248659
6 559.0562128319871
6 561.0554816764779
6 563.0547757116146
4 565.0539982174523
1 614.0532291200943
6 616.0692722469103
6 618.0685423351824
6 620.0678382364567
6 622.067074426217
5 624.066346069565
btn 624.6681433874182
6 626.0656391719822
6 628.0649263651576
5 630.0642123145517
btn 630.7993741482496
6 632.0634967088699
6 634.0627801702358
6 636.0620633205399
5 638.0613551787101
btn 638.578975996701
6 640.0606333531905
5 642.0599249002989
btn 642.628381711198
6 644.0592012088746
3 646.0583947917912
2 695.0574645977467
6 697.0734666725621
5 699.0727373831905
6 701.0720180454664
6 703.0713046167511
6 705.0705743941944
btn 705.8380255629309
6 707.0698702954687
btn 707.7540026959032
6 709.0691571778152
6 711.06844095001
6 713.0677234784234
btn 713.7685309527442
6 715.0670106715988
6 717.0662978650071
6 719.0655766613781
6 721.0648598116823
6 723.0641454500146
btn 723.9815192734823
6 725.0634298443329
4 727.0626489291899
2 776.0618661479093
6 778.0778934138361
6 780.0771507513709
6 782.0764317247085
6 784.075715807965
6 786.074993360322
btn 786.8259109589271
6 788.0742777546402
5 790.0735559288878
5 792.0728561840951
btn 792.6746926878113
6 794.0721418224275
6 796.071428704774
btn 796.6567151553463
6 798.0707015921362
5 800.0700046464335
6 802.0692856197711
6 804.0685606840998
btn 804.819584333105
6 806.0678404134233
4 808.0669979208615
1 857.0660978935193
6 859.0821071213577
6 861.0813815637957
6 863.0806560062338
6 865.0799413335044
5 867.0792307038791
btn 867.7300533859525
6 869.0785147871356
6 871.0778131764382
6 873.0770767338108
6 875.0763586401008
5 877.0756445894949
btn 878.1253945783246
6 879.0749299167655
6 881.0742155550979
6 883.0734959065448
6 885.0727815446444
6 887.0720665610861
3 889.0712840908673
EndData 938.0871269351337
