StartData 34.28312856215052
2 124.30567091843113
6 126.32184497523122
6 128.32105286396109
6 130.32032948336564
btn 131.0043738714885
6 132.31961356685497
5 134.31889858306386
5 136.31818173336796
btn 136.83560133585706
6 138.31746332882904
6 140.31675176601857
6 142.31603771541268
6 144.31531744473614
btn 145.23265519249253
6 146.31460432708263
6 148.3138831234537
6 150.3131830675993
btn 151.06382823223248
6 152.3124571989756
6 154.3117350623943
4 156.31085027381778
1 205.30998881044798
6 207.32598808640614
6 209.3252559977118
5 211.32454536808655
btn 211.97541221184656
5 213.32392523856834
btn 214.37363044405356
6 215.32322113984264
6 217.3224156559445
6 219.32176380464807
6 221.32106530386955
6 223.32035311916843
6 225.3196228966117
6 227.31891351100057
6 229.31820505834185
6 231.31748416554183
6 233.31676078494638
5 235.31595250195824
btn 236.24999891151674
3 237.31523782922886
1 286.31440902035683
6 288.330411095405
6 290.32971259462647
6 292.3289932569023
5 294.3282717424445
btn 295.01336108264513
6 296.3275449408684
6 298.32683368911967
6 300.3261022225488
5 302.3255514455959
btn 303.02754973014817
6 304.32468345109373
6 306.32462747138925
6 308.3236680435948
5 310.3227117257193
btn 310.9417551092338
6 312.3227869870607
5 314.3218353341799
btn 315.00686900597066
6 316.32088461425155
3 318.32084200764075
2 367.3186165082734
6 369.33462262619287
6 371.3338914704509
6 373.3331705778837
btn 373.8007325863
6 375.3324552832637
6 377.3317415434867
6 379.3310274928808
5 381.33030784409493
5 383.32959192758426
btn 383.86376279825345
6 385.3288744557649
6 387.328160405159
btn 388.0456491734367
6 389.32744604349136
6 391.32673012674786
6 393.3260145210661
btn 393.910186978057
6 395.32530482439324
5 397.32459979271516
4 399.3238011505455
2 448.32293253415264
6 450.33893989608623
6 452.3382140274625
5 454.337490957696
6 456.33677752898075
6 458.3360622343607
btn 459.0368728188332
6 460.3353438298218
6 462.33471841341816
6 464.33390950830653
5 466.3331942136865
5 468.3324829619378
btn 468.933314321097
6 470.3317633133847
6 472.3310452196747
5 474.3303311690688
6 476.32971414970234
6 478.32890648860484
4 480.32811935339123
1 529.3273337732535
6 531.3433604170568
6 533.3426245965529
6 535.3419145888183
5 537.3411859213375
6 539.340466894675
5 541.3397643507924
btn 541.9582628663629
6 543.3390459462535
6 545.338349000318
6 547.3376069599763
6 549.3369392477907
6 551.3361953413114
5 553.3355027495418
btn 553.8873843166512
5 555.33478994295
btn 556.1531794227194
6 557.3340662512928
6 559.3333254547324
3 561.3325314775575
2 610.3329855343327
6 612.3331189523451
5 614.3491365772206
6 616.3481874121353
6 618.3482405927498
6 620.347306355834
btn 621.0652721945662
6 622.3463428849354
5 624.346378649585
6 626.3454254418612
6 628.3444688129239
6 630.3445232375525
btn 631.0455151335336
6 632.3435737616383
btn 633.2615403467789
6 634.3426205536816
6 636.3426572512835
btn 637.3106916651595
6 638.341718349373
6 640.3407707393635
4 642.3407312426716
1 691.3429486562964
6 693.3590875701047
6 695.3581259653438
6 697.3571341936477
5 699.3572026132606
btn 700.0422449929174
6 701.3562410082668
6 703.3483217633329
6 705.3476117555983
6 707.3468921068124
5 709.3461780562066
btn 710.1302679120563
6 711.3454615175724
6 713.3447465337813
6 715.3440284400713
6 717.3433147005271
6 719.3592576859519
6 721.3585461231414
3 723.3577620980795
2 772.3569771398325
6 774.3730053387117
6 776.3722598771565
6 778.3715464484412
6 780.3708345748018
6 782.3701295431238
btn 783.2552162087522
5 784.3694506350439
6 786.3686852697283
5 788.3679715299513
5 790.3672456615604
btn 791.0857417513616
6 792.3665365867782
6 794.3658237799536
6 796.3651031984482
6 798.3643875927664
5 800.3636673220899
6 802.3629510945175
4 804.3621502753813
1 853.3613121365197
6 855.3773316275328
5 857.377038667677
btn 857.9784416405018
6 859.3760565370321
6 861.3751779685263
6 863.3751966282725
5 865.374240310397
btn 866.3905014465563
6 867.3732796385884
6 869.373341527069
6 871.3723864532076
6 873.3714385323692
6 875.3715212575626
5 877.3705335289706
btn 878.2725101681426
5 879.3695762781426
6 881.3696670895442
6 883.3686327112373
3 885.3676393844653
EndData 934.3868322956841
