StartData 46.90307414974086
2 136.93118429766037
6 138.93650391325355
6 140.9358368231915
6 142.93511375342496
btn 143.38684940058738
5 144.9344049897045
6 146.93371830694377
6 148.9329799984116
6 150.93275918997824
5 152.93280459567904
5 154.93286213022657
btn 155.7017065687105
6 156.93292028689757
6 158.9328820342198
6 160.93305183877237
6 162.93306334572844
btn 163.91906347381882
5 164.9341462396551
6 166.93414375162683
4 168.93392169941217
1 217.94135889806785
6 219.9573836759664
6 221.95666371611878
5 223.95596490451135
btn 224.4913670150563
5 225.95543776336126
btn 226.8244641975034
6 227.95647369674407
6 229.95651692524552
6 231.95657570380718
6 233.95662173163146
6 235.95667211315595
6 237.95671751885675
6 239.95675857062452
6 241.95778703992255
6 243.95785825839266
6 245.95790926204063
6 247.95795560069382
3 249.95791019499302
2 298.9461314685177
6 300.94627297250554
6 302.9462934983894
5 304.9463454349898
6 306.94643127033487
6 308.94643686828203
6 310.9474871074781
5 312.94753904407844
6 314.9475832057651
6 316.9476258123759
btn 317.66667143511586
6 318.94768303609453
5 320.94770107395016
6 322.94775643153116
6 324.9477974830661
5 326.9523688382469
6 328.95166100747883
4 330.9508838241454
1 379.95311896456406
6 381.9532340336591
6 383.95324554061517
6 385.9543144397903
6 387.9543663763907
6 389.95440680603497
5 391.95447273761965
btn 392.57361968327314
6 393.9545047702268
6 395.954558261903
5 397.9545878067147
btn 398.52361032227054
5 399.95951805310324
btn 400.9446330817882
6 401.95884878607467
6 403.95816023717634
5 405.9574695113115
6 407.95673026982695
6 409.9559851193335
3 411.9558296203613
1 460.96381386416033
6 462.9702378322836
5 464.9695066767745
btn 465.4870581422001
6 466.96878951601684
6 468.96807639836334
6 470.9674456950743
6 472.96674221823923
6 474.966014172649
5 476.9653116289992
btn 477.7003910483327
5 478.96462774509564
btn 479.81632911995985
6 480.98056824249215
6 482.9798202929087
6 484.9796719471924
6 486.9797699113842
6 488.9798268240411
6 490.9798548137769
3 492.97982744593173
2 541.9680533844512
6 543.9681858695112
6 545.9682315862738
6 547.9731954203453
6 549.9724661307409
6 551.9717508361209
6 553.9710834349971
btn 554.7228354404215
5 555.9703432605602
6 557.9695968660526
6 559.9695272026584
6 561.9705861497205
6 563.9706455501728
btn 564.6226450477261
6 565.9707015298773
btn 566.9387561583426
6 567.9707419595215
6 569.970792341046
6 571.9708467656747
4 573.9707957620267
2 622.979593886761
6 624.995621152455
5 626.9949207857717
5 628.9942042469047
btn 629.6126498929225
6 630.9934802444186
6 632.9933306544553
6 634.9933738831896
6 636.9934236428235
6 638.993513210211
6 640.9945264405105
5 642.9946110320743
6 644.9946340457536
6 646.9946722984314
5 648.9947183262557
6 650.9947627987713
6 652.9948138024192
4 654.9947954535019
1 703.9839435003232
6 706.0001256428659
6 708.0001278198324
6 709.9841789256316
6 711.9842240202706
6 713.9843008366879
6 715.9843303814996
6 717.9843928918708
6 719.9844504266512
6 721.9844945883378
5 723.9845343958586
btn 724.6875443558674
6 725.9856070268434
6 727.9856294188648
6 729.9857112111058
6 731.9906007167883
6 733.9898913311772
3 735.9890765170567
2 784.9909642729908
6 786.9910874282941
6 788.9911207049154
6 790.9911782394629
btn 791.7602142523974
6 792.99121587025
6 794.991264074808
6 796.9913219204172
btn 797.7433581778314
6 798.9923625187948
6 800.9924181872047
5 802.992464215029
5 804.992508065654
btn 805.5829213131219
6 806.997076310683
6 808.99635106395
6 810.9956348363776
6 812.9949207857717
btn 813.8300030662213
6 814.9942073570564
4 816.9936842587776
1 865.9978998324368
6 867.9980285854544
5 869.998059685342
btn 871.1983854242135
6 871.9980966940057
6 873.9991920278408
6 875.9992361895274
6 877.9992735092528
6 880.0042227264494
6 882.0035425745882
6 884.0028213709593
5 886.0021070092916
btn 886.770553370472
5 888.0014184603933
btn 888.8365072719753
6 890.0006692670286
5 892.0006646020338
btn 892.7356469901279
6 894.0006779748946
6 896.0007034766022
3 898.0006776638329
EndData 947.0300753421616
