StartData 42.44373709755018
2 132.464346291963
6 134.48062297794968
6 136.48015150567517
6 138.47921104868874
btn 138.88112113438547
5 140.4783474081196
6 142.47833061404526
6 144.47834709705785
6 146.47741472581401
5 148.47647147020325
5 150.47651345469058
btn 151.0954445679672
6 152.4765650802292
6 154.47561000660062
6 156.47465368872508
6 158.47470624698326
btn 158.8935147030279
5 160.47375521622598
6 162.47381430584937
4 164.47259395103902
1 213.46855595707893
6 215.48455865401775
6 217.48388565471396
5 219.48310971539468
5 221.48248958634213
btn 222.29983877856284
6 223.48167601646855
6 225.4810101701878
btn 226.16512080095708
6 227.48033343907446
6 229.47961721150205
6 231.4789016060531
btn 231.8799384101294
6 233.47817946923897
6 235.47748127952218
6 237.47676225285977
6 239.47605504421517
btn 240.37776546925306
6 241.4753266875632
6 243.47463533980772
3 245.47381150675938
2 294.4768089023419
6 296.476943875663
6 298.4929972649552
5 300.4920054934919
6 302.49205276509747
6 304.49112194916233
6 306.4911505607888
5 308.4901942429133
6 310.49024338042364
6 312.4892939045094
btn 313.19138020137325
6 314.48934584110975
5 316.4883702415973
6 318.4884178242646
6 320.48748794104904
5 322.4875411214307
btn 323.33959112502635
6 324.4865816938691
4 326.4865403310396
1 375.4773282688111
6 377.4933356307447
6 379.4926035418175
6 381.49189851013944
6 383.49116673273966
6 385.4904411751777
5 387.48975418135524
btn 388.00822308985516
6 389.4891558215022
6 391.4882912482135
5 393.4882477084175
btn 393.9903139770031
5 395.4873069403693
btn 396.2063612709753
6 397.4873585659079
6 399.4864134439267
5 401.48646320356056
btn 402.22149877250195
6 403.4855093737133
6 405.4855578895658
3 407.4845088943839
1 456.4815394883044
6 458.4975449843332
5 460.49681040784344
btn 460.9810378490947
6 462.49609417980537
6 464.4953810623847
6 466.49466296844184
6 468.4939451860264
6 470.4932323792018
5 472.492527036462
btn 473.1266491431743
5 474.4918708312325
btn 475.0761804385111
6 476.4912441712804
6 478.49038239661604
6 480.48976164497435
6 482.48903048969805
6 484.48844830179587
6 486.4876017663628
3 488.48679255042225
2 537.4859155365266
6 539.4888401590288
6 541.4878676692024
6 543.4879124527797
6 545.4869620441459
6 547.4870152245276
btn 548.8532582293265
6 549.4860794325359
btn 550.1711622420698
5 551.4861179962754
6 553.5021570799872
6 555.5012215990573
6 557.501252698712
6 559.5003038449213
btn 560.1193298124708
6 561.5003483174369
btn 562.185377324
6 563.4993994636461
6 565.4994569979608
6 567.4984733122401
4 569.4984415904619
2 618.4902794561349
6 620.5063011241145
5 622.5055578397587
5 624.5048888837919
btn 624.9233928727917
6 626.504135647323
6 628.5034498972818
6 630.5027196747251
6 632.5020012701862
6 634.5012878412381
6 636.5005629057996
5 638.4998762230389
6 640.4992815954611
6 642.4984123567119
5 644.4983731708489
6 646.4974128101021
6 648.4974644356407
4 650.4964266363531
1 699.5026776902378
6 701.5188396177255
6 703.5178080387414
6 705.517862773966
6 707.5168828205206
6 709.5169338239357
6 711.5160020748153
6 713.5160574326292
6 715.5151064014062
6 717.5151353245601
5 719.5142265893519
btn 719.9661951735616
6 721.5142486700788
6 723.5132895531133
6 725.5133421118371
6 727.5179551402107
6 729.5171751580201
3 731.5164446248673
2 780.5176590704359
6 782.533741382882
6 784.5327940839343
6 786.532836379949
btn 786.9680819963105
6 788.5318850376643
6 790.5318993437104
6 792.5309735033661
btn 793.1160291940905
6 794.5310254404321
6 796.5300772082992
5 798.5301471827552
5 800.5291703389958
btn 800.9642274910584
6 802.5292256968096
6 804.5282637807541
6 806.5283119855449
6 808.5274318619631
btn 809.1123550673947
6 810.5274100922979
4 812.5263744699769
1 861.5199393057264
6 863.5359650165774
5 865.5352304400876
btn 866.2703589969315
6 867.534508925397
6 869.5337917646393
6 871.5330733601004
6 873.532363041304
6 875.5316521003842
6 877.5309243658558
6 879.5302090714686
5 881.5295233214274
btn 882.0146943298168
5 883.5288241985254
btn 884.1805795626715
6 885.5281073488295
5 887.5273668635637
btn 888.1125727654435
6 889.5266612097621
6 891.525954933837
3 893.525324230548
EndData 942.5475294655189
