StartData 39.260681060142815
1 129.275850282982
6 131.29201407684013
5 133.2912207217887
btn 133.79204704239964
6 135.2905029389076
6 137.28978919936344
6 139.28907421557233
6 141.2885091328062
5 143.28766757342964
btn 143.73847955698147
5 145.2869239775464
btn 146.13756827171892
6 147.28620806103572
6 149.28559104166925
6 151.28477933770046
6 153.2840655981563
5 155.2833459493704
btn 155.86742635117844
6 157.28263034345582
6 159.2819128721021
3 161.28103243745863
2 210.28017190704122
6 212.29617118276656
5 214.29544407036155
6 216.29472659854218
6 218.2940094382502
6 220.29329414339736
6 222.29257853748277
btn 222.8601045324467
6 224.29186324309558
btn 225.07600068161264
6 226.29114732611924
6 228.29043140960857
6 230.28971455991268
6 232.28899802127853
btn 232.70655657770112
6 234.28828552551568
5 236.28756867581978
5 238.28684964915738
btn 238.67110657319427
6 240.2861337326467
4 242.28544487291947
1 291.2845140565187
6 293.3004956059158
6 295.29976600501686
5 297.29905257653445
btn 297.7999230590649
6 299.29833292774856
6 301.2856261841953
5 303.28468230646104
btn 303.752718586009
6 305.30075435573235
6 307.2997930618003
6 309.2988379881717
6 311.29788757907227
6 313.2969387252815
5 315.29599111527205
btn 315.7320552780293
5 317.29603932006285
btn 318.1800878755748
6 319.2950957529247
6 321.2941674250178
3 323.2930814209394
1 372.2903284695931
6 374.30645649833605
6 376.3054693918675
6 378.3045220929198
5 380.30356701882556
btn 381.08960185432807
6 382.3036195775494
6 384.30265486286953
5 386.3017231137492
btn 386.8697594557889
6 388.30077208252624
6 390.2998593044467
6 392.2988494951278
5 394.29892040230334
btn 394.7498984592967
6 396.2979429368861
5 398.29701118776575
btn 398.9490290340036
6 400.2960738404654
6 402.29509948473424
3 404.2941083353944
2 453.29325153678656
6 455.30927320430055
6 457.30851250421256
6 459.3078077835962
btn 459.95979017578065
6 461.30710399569944
btn 461.9756003655493
6 463.3063896340318
6 465.30567651614547
btn 465.7741416618228
6 467.30494162859395
6 469.3042443720624
6 471.3035328090191
6 473.3027938785963
6 475.30207080906257
6 477.301365155261
btn 477.6866138507612
6 479.3006399087608
6 481.29996037855744
6 483.29920994117856
btn 483.95099640544504
4 485.2984122321941
2 534.2975635197945
6 536.3135310737416
6 538.3128229319118
6 540.312124742195
6 542.311320502311
6 544.3106848229654
5 546.3099813461304
5 548.3092632526532
btn 548.8438172726892
6 550.30849882029
6 552.3078183573671
6 554.3071127035655
5 556.3063964759931
5 558.3056939323433
btn 558.840119198896
6 560.3049568678252
6 562.304258366581
6 564.3035440049134
4 566.3026903164573
1 615.3018086380325
6 617.3178116460331
6 619.3170916861854
6 621.316372659523
6 623.3156551881693
5 625.3149364725687
btn 626.1989984009415
6 627.3142261537723
6 629.3135080598295
5 631.3127912101336
btn 631.7969968817197
6 633.3120743604377
6 635.311355644837
6 637.3106394172646
5 639.3099225675687
btn 639.8941046656109
6 641.3092078948393
5 643.3084929115139
btn 643.7260691942647
6 645.3077769945376
3 647.3069991893135
2 696.3061399026774
6 698.3221273608506
5 700.3214154872112
6 702.3206986375153
6 704.319985519629
6 706.3192518763244
btn 706.7035122211091
6 708.3185527534224
btn 708.7527838954702
6 710.3178194207139
6 712.3171013272367
6 714.3163847886026
btn 714.8839356633835
6 716.3156772688963
6 718.3149560652673
6 720.3142373496667
6 722.3136448990554
6 724.3128058272414
btn 724.8136906158179
6 726.3120979964733
4 728.3113139714114
2 777.3104590387084
6 779.3264760416932
6 781.3258549789898
6 783.3250314574689
6 785.3243142967112
6 787.3236018009484
btn 787.7412405945361
6 789.3228868171573
5 791.3221774315462
5 793.3214559168555
6 795.3207418662496
6 797.3200222174637
btn 797.7542533595115
6 799.3192879520357
5 801.318601269275
6 803.3178579844534
6 805.3171622827649
btn 805.9346867538989
6 807.3164267730899
4 809.3156673167832
1 858.3151096981019
6 860.3152645747177
6 862.3303062892519
6 864.3303532497957
6 866.3294040849432
5 868.3284228872508
btn 868.8804487572052
6 870.3274758988991
6 872.3266330952756
6 874.325887945015
6 876.3256466109306
5 878.3246520399116
btn 878.9597177132964
6 880.323769739829
6 882.3230460481718
6 884.3223357293755
6 886.3216219898313
6 888.3209331296384
3 890.3200959241949
EndData 939.3358775014058
