StartData 36.759207552764565
2 126.78932674601674
6 128.8054967597127
6 130.80469407467172
6 132.80396851710975
btn 133.23810138367116
6 134.80326068634167
5 136.80254819057882
5 138.80290459375829
btn 139.20478793373331
6 140.80199057189748
6 142.8005829961039
6 144.79986521368846
6 146.79915707185864
btn 147.38417077763006
6 148.7984013473615
6 150.7976260301657
6 152.7969710691832
btn 153.23121060803533
6 154.7962492434308
6 156.79553705872968
4 158.79454933013767
1 207.793719899375
6 209.80966101866215
6 211.80901974160224
5 213.80819746339694
btn 214.22581946337596
5 215.807484657038
btn 216.20842847274616
6 217.80676594097167
6 219.80604940233752
6 221.8053359738551
6 223.80461881309748
6 225.80390165233985
6 227.8031879127957
6 229.80248101521283
6 231.80176136642694
6 233.80103332083672
6 235.80032828915864
5 237.80119161866605
btn 238.2532102735713
3 239.7991125988774
1 288.7993710380979
6 290.81446562195197
6 292.8133510062471
6 294.81264348654076
5 296.8118970920332
6 298.81118770642206
6 300.81047210050747
6 302.80975867202505
5 304.8090303153731
btn 305.22774453880265
6 306.808325283695
6 308.8075173115358
6 310.80679704109207
5 312.806080813054
btn 313.456915313378
6 314.8053673845716
5 316.8046514680609
btn 317.25557789904997
6 318.8039336851798
3 320.8031589901075
2 369.80229597119614
6 371.8182846736163
6 373.8175532068126
6 375.81683542439714
btn 376.38435893086717
6 377.81611919635907
6 379.8154042130336
6 381.81469296105206
5 383.81397891044617
5 385.8132589510642
btn 386.2498462116346
6 387.8138022636995
6 389.81195898074657
6 391.81131397141144
6 393.8105240371078
6 395.8098196275532
btn 396.428288909141
6 397.8091037105769
5 399.80837348802015
4 401.807553387247
2 450.80678926594555
6 452.822735672351
6 454.8219249015674
5 456.8212512806058
6 458.8204691214487
6 460.81975724734366
btn 461.2872831802815
6 462.81903573311865
6 464.81832199310884
6 466.8176076314412
5 468.8168879826553
5 470.8161599370651
btn 471.3003973304294
6 472.8154384228401
6 474.814724993892
5 476.8140096995048
6 478.81329440465197
6 480.8125738231465
4 482.8118009935133
1 531.8109404630959
6 533.812414592132
6 535.8274056138471
6 537.8264576927759
5 539.8249247851782
btn 540.293449331075
6 541.8242113562301
5 543.8234941959381
btn 544.4920067372732
6 545.822740026284
6 547.8220256646164
6 549.8213259200566
6 551.8205891661346
6 553.8198645417579
5 555.8190696318634
btn 556.3865887844004
5 557.8183558918536
btn 558.7190919611603
6 559.8176446403377
6 561.8169221924618
3 563.816146875266
2 612.8152863448486
6 614.8312899749726
5 616.8305581971072
6 618.8298425916582
6 620.8291235649958
6 622.8284163563512
btn 623.329288082663
6 624.8276917315088
5 626.8269776809029
6 628.8262614533305
6 630.825637280941
6 632.8267945032567
btn 633.2949735308066
6 634.8248140700161
btn 635.7598531842232
6 636.8238956937566
6 638.8229197831824
btn 639.8078015632927
6 640.8220645394176
6 642.82137381332
4 644.8205400286242
1 693.8196919378825
6 695.8357223137282
6 697.8349917801097
6 699.834271509666
5 701.8335540378466
btn 702.4853899506852
6 703.8328235042281
6 705.8320313934237
6 707.8313105003908
6 709.8305998709984
5 711.829872447066
btn 712.2807727544568
6 713.8291602623649
6 715.8284465228207
6 717.8277327832766
6 719.8270125123672
6 721.8262969069183
6 723.8255816120654
3 725.8247848362662
2 774.8239379893057
6 776.8399447295815
6 778.8392154397443
6 780.8384817964397
6 782.8394434009679
btn 783.374461740721
6 784.8374670105986
btn 785.3394455779344
5 786.836531218607
6 788.8357434617355
5 790.8350455826148
5 792.8343365080655
btn 793.252875640057
6 794.8335851375014
6 796.8328620679677
6 798.8321529934183
6 800.8314330335706
5 802.8307224041782
6 804.8299750764854
4 806.8291388037615
1 855.8282804503106
6 857.8442697743885
5 859.8435398624279
btn 860.3943761666305
6 861.8428261228837
6 863.8421077183448
6 865.8413924234919
5 867.840679617133
btn 868.4748231819831
6 869.8399587241001
6 871.8435874450952
6 873.8426525862888
6 875.8416968905367
6 877.8397571980022
5 879.8387968367897
btn 880.4569109594449
5 881.8368456372991
btn 882.554938363377
6 883.8358778124675
6 885.8343604546972
3 887.8335568369366
EndData 936.8493265965953
