StartData 42.00266089622164
2 132.0181672408944
6 134.034487777506
6 136.03361356299138
6 138.03289826831315
btn 138.91784778406145
6 140.03219385852572
5 142.03143253619783
5 144.03076047019567
btn 144.4991634162143
6 146.03006103640655
6 148.02932894788682
6 150.02859717031242
6 152.02790426748106
btn 152.69626721920213
6 154.02718213084154
6 156.02644568833057
6 158.02574252255727
btn 159.2253716266714
6 160.02503749076277
6 162.02431628713384
4 164.0233490843675
1 213.02249539567856
6 215.03851581952767
6 217.0377635161276
5 219.03704915445996
btn 219.78888419631403
5 221.03630866896128
btn 221.9548356719315
6 223.0356086131651
6 225.0349017154076
btn 225.9533721168409
6 227.03420072660083
6 229.03348760894733
6 231.03284881968284
6 233.03205266559962
6 235.031338303932
6 237.03062176523963
6 239.02987816976383
btn 239.53183838818222
6 241.02916411909973
5 243.02847992419265
3 245.0276588902925
1 294.0268042686512
6 296.04283308942104
6 298.04208856093464
6 300.0413769982406
5 302.0406570386258
btn 302.6592183757457
6 304.0399588487926
6 306.0392348461901
6 308.0385040016263
5 310.0377921279287
6 312.037053508393
6 314.0363394577289
6 316.0356182541
5 318.0349309492158
btn 318.5535261228797
6 320.0342140995199
5 322.0334944509086
btn 322.5927821169025
6 324.0327950170613
3 326.0319746051682
2 375.0310944817029
6 377.0471046426683
6 379.0463809510111
6 381.04566254635574
btn 381.61342738731764
6 383.04497119854204
6 385.0442776736454
6 387.0435427861521
5 389.04282220447203
5 391.042108775815
btn 391.7439248156734
6 393.04139037115965
6 395.0406756984885
6 397.0399361459422
6 399.0392500850721
6 401.0384965376579
btn 401.6903626170824
6 403.03779554890934
5 405.03708180919057
4 407.036287210125
2 456.03541050764034
6 458.0514648302342
6 460.05072278971784
5 462.05000407405896
6 464.0492648325744
6 466.04857503972016
btn 466.850397672737
6 468.04785414709477
6 470.0471136615961
6 472.0464272896643
5 474.0457063970389
5 476.04499296838185
btn 476.546936081897
6 478.04427798464894
6 480.0435536710429
5 482.0428424193524
6 484.0421069097938
6 486.0413909931667
4 488.0405967050465
1 537.0397414613981
6 539.0557721481891
6 541.0550381936482
6 543.0543169900193
5 545.0536051163217
btn 546.4533111612545
6 547.0528888886329
5 549.0521642640233
btn 549.8539570412831
6 551.0514561223099
6 553.0507171917707
6 555.0500208679587
6 557.0493049512734
6 559.0485570018645
5 561.0478566350648
btn 561.8155192821869
5 563.0471447613672
btn 563.9822843277943
6 565.0464328876697
6 567.0457216359209
3 569.0449130419292
2 618.0440251435502
6 620.0600374814239
5 622.0593396026525
6 624.0586261739372
6 626.0578832004685
6 628.0571828336688
btn 629.2569951154874
6 630.0564718929818
5 632.0557590862736
6 634.0550512555637
6 636.0543306738837
6 638.0536119582248
btn 638.9053898387356
6 640.0528820466716
btn 640.8546822878998
6 642.0521620870568
6 644.0514642082271
btn 644.7199658649042
6 646.0507318086457
6 648.0500090500573
4 650.0492212928948
1 699.0483632502728
6 701.0643874061061
6 703.0636550065246
6 705.0629359799204
5 707.062205446302
btn 707.6807611855329
6 709.0614854866872
6 711.0607956938329
6 713.0600716911722
6 715.0593284066999
5 717.0586271069478
btn 717.543880840647
6 719.0579146112432
6 721.0571831446723
6 723.056495217781
6 725.0557755691698
6 727.0550534325303
6 729.054355242697
3 731.0535273668938
2 780.0526674582507
6 782.0686791741755
6 784.0679629464867
6 786.0672429868719
6 788.0665043673362
btn 789.3496170685394
6 790.0658102204907
btn 790.8009313136572
5 792.0650943038636
6 794.0643780761748
5 796.0636462986004
5 798.0629282049485
btn 798.6315019509057
6 800.0622247281717
6 802.0615085004829
6 804.0607782779261
6 806.0600878630648
5 808.0593666594359
6 810.0586255519302
4 812.0578393497854
1 861.0569775752374
6 863.0759863757994
5 865.072254714556
btn 865.8073829606874
6 867.0715506158303
6 869.0708412301028
6 871.0701278013876
5 873.0693985118414
btn 873.5380110702827
6 875.0686866381438
6 877.067970410455
6 879.0672597807134
6 881.0665410650545
6 883.0658260813798
5 885.0651138966787
btn 885.6835959294112
5 887.0643939370639
btn 887.5829091843334
6 889.0636655804701
6 891.0629313149257
3 893.062136093853
EndData 942.0779114515171
