StartData 40.99012520146789
2 131.01256212953012
6 133.02898031944642
6 135.02787658863235
6 137.02690098888706
btn 137.67880936403526
5 139.02697282936424
6 141.02600687055383
6 143.02506610256387
6 145.0241153826355
5 147.02415114734322
5 149.02321908727754
btn 149.89129884453723
6 151.02232901193202
6 153.02228858222952
6 155.02135869913036
6 157.0204129551421
btn 157.80533348594327
5 159.02039491728647
6 161.01950701890746
4 163.01830096985213
1 212.01953438669443
6 214.03567174565978
6 216.0346488742507
5 218.03373858402483
btn 219.00208492850652
5 220.03379829559708
btn 220.95189487782773
6 222.03283140377607
6 224.03187601891113
6 226.03196123224916
6 228.03098376654088
6 230.03002278367057
6 232.0300793852657
6 234.02913053130032
6 236.0281751464354
6 238.02822397305863
6 240.0272707651602
6 242.02632222219836
3 244.02526918402873
2 293.0341873536818
6 295.0501972036436
6 297.0494582731044
5 299.0487420454738
6 301.04802675079554
6 303.04731270007323
6 305.0465924294549
5 307.04586687183473
6 309.0451596630737
6 311.0444406364695
btn 311.9285513914074
6 313.04372689675074
5 315.0430106690619
6 317.04229288641363
6 319.041578524746
5 321.04086323006777
6 323.0401448254124
4 325.03942579875
1 374.03857179911574
6 376.05459035694366
6 378.053862622357
6 380.0531821594341
6 382.05243918596534
6 384.051708030398
5 386.0510029986035
btn 386.7528429853264
6 388.05028645996936
6 390.0494927938562
5 392.0488512056181
btn 392.66635204065824
5 394.0481421308941
btn 394.49928470532177
6 396.0474262142088
6 398.04670438863104
5 400.0460089977714
btn 400.71461048471974
6 402.04527566523757
6 404.0445560165681
3 406.04373684868915
1 455.04292296775384
6 457.0589614294586
5 459.0582128579845
btn 459.8092324639438
6 461.0574950753362
6 463.05678257963154
6 465.0560619980097
6 467.05533301940886
6 469.0546205237042
5 471.053917979938
btn 471.98900405480526
5 473.0531802934129
btn 473.90497465681983
6 475.0524824146414
6 477.0517702299403
6 479.0510552462656
6 481.0503411955433
6 483.0496203029179
6 485.0489062522538
3 487.04808926128317
2 536.0484136319137
6 538.0645435269107
6 540.0635716591496
6 542.0636021369137
6 544.0626713208621
6 546.0616985200904
btn 547.1449771696352
6 548.0607652160106
btn 548.7968550669611
5 550.060813420685
6 552.0598729636404
6 554.0589110478177
6 556.0589601854444
6 558.0579901836463
btn 558.710091688321
6 560.0570637215278
btn 561.340336275578
6 562.057110060181
6 564.0561571632861
6 566.0552048883983
4 568.0551613487187
2 617.051437462389
6 619.0674445133191
5 621.0667139797588
5 623.0659949530964
btn 623.7335063931532
6 625.0652809024323
6 627.064567473717
6 629.0638481361093
6 631.0631331524346
6 633.0624194127158
6 635.0617000750499
5 637.0609710965073
6 639.0603543880861
6 641.0595489040716
5 643.0588360973634
6 645.0581180037116
6 647.0573803171865
4 649.0566249038093
1 698.0557510002982
6 700.0717599172494
6 702.0710312496522
6 704.0703109790338
6 706.0695931963855
6 708.0688791456632
6 710.0681654060027
6 712.0674454463297
6 714.0667295296444
6 716.0660114359926
5 718.0652980072773
btn 718.6162639972172
6 720.0645799136255
6 722.0638636859949
6 724.063147458306
6 726.0624306086102
6 728.0617156249355
3 730.0609353317413
2 779.0703299499
6 781.0864741508267
6 783.085488599143
6 785.0845120663871
btn 785.8036108697415
6 787.0845867058379
6 789.0836350528989
6 791.082682156004
btn 791.817789565248
6 793.0827303606202
6 795.0817911476479
5 797.0808301647776
5 799.0808895653463
btn 799.7040427832981
6 801.0855657265638
6 803.0848429679172
6 805.0841261182795
6 807.0835066108848
btn 807.7686998244026
6 809.0826958399266
4 811.0819118147483
1 860.0811066417373
6 862.0971550553804
5 864.0964049289469
btn 864.731560169661
6 866.095699586207
6 868.0949830475147
6 870.0942671308294
6 872.0935446831863
6 874.0928365414729
6 876.0921144048334
6 878.0914040861535
5 880.0906639116583
btn 880.8592573748319
5 882.0899713197723
btn 882.9417827880243
6 884.0892429631785
5 886.0885267355479
btn 886.7904765044223
6 888.0878129958292
6 890.0871005001245
3 892.0862825762015
EndData 941.1020815697266
