StartData 47.69426594901597
1 137.70943672722206
6 139.72559834399726
5 141.72479348198976
btn 142.44219641492236
6 143.72408440726576
6 145.72336444759276
6 147.7226497749216
6 149.72193230327684
5 151.72121918556513
btn 152.37200610298896
5 153.72050544584636
btn 154.6907308383379
6 155.72082608449273
6 157.71990117733367
6 159.71887519600568
6 161.71783273172332
5 163.71710499713663
btn 164.58555453061126
6 165.71635238273302
6 167.71565761393867
3 169.71466553129721
2 218.71381961758016
6 220.7298698972445
5 222.72911697183736
6 224.72840696410276
6 226.72765745967627
6 228.72694838495227
6 230.72623651125468
btn 231.8594050987158
6 232.72551157564158
btn 233.6429650146165
6 234.72469831665512
6 236.72399172995938
6 238.7232671053498
6 240.7225502556539
btn 241.50669235922396
6 242.7218470898806
5 244.72111686732387
5 246.72040530462982
btn 247.42123641481157
6 248.71968689997448
4 250.7190058150445
1 299.7180358132464
6 301.73404099821346
6 303.7333098426461
5 305.73259330395376
6 307.73187521030195
6 309.7311664465815
5 311.7304377789842
6 313.7297081784345
6 315.7289938167087
6 317.72830402385443
6 319.72757846623426
btn 320.34777223027777
6 321.72866944613634
5 323.72675867634825
5 325.72575912979664
btn 326.22790439182427
6 327.72484168660594
6 329.7241410088027
3 331.72331686498364
1 380.7230814397335
6 382.73847520322306
6 384.7377437366522
6 386.73701569106197
5 388.7363128362922
btn 389.28813189285574
6 390.7355714177829
6 392.73485083616106
5 394.7341352304793
btn 395.41838301107055
6 396.73341900279047
6 398.73270184214925
6 400.73198281548684
5 402.73119070439134
btn 403.5153063731268
6 404.7304573718575
5 406.72973803419154
btn 408.4125984541024
6 408.72901994053973
6 410.728315219807
3 412.7275255966233
2 461.7267393944785
6 463.74265656713396
6 465.7419272775296
6 467.7411986099323
btn 468.1755124775227
6 469.7404752293369
btn 470.4247136799386
6 471.73977766151074
6 473.73904774995754
btn 474.489870494348
6 475.7383461391437
6 477.73762991151307
6 479.73691368382424
6 481.73619870014954
6 483.7354812285048
6 485.73476686677895
btn 486.68550514418166
6 487.7357402895577
6 489.7347634457983
6 491.73283712612465
4 493.73191097500967
2 542.7309630541131
6 544.7311872834107
6 546.7471573256189
6 548.7456480538822
6 550.744907879387
6 552.7442233734764
5 554.743463606108
5 556.7427414694685
btn 557.4113040817319
6 558.7420370597392
6 560.7413289179676
6 562.7406111353193
5 564.7398880657274
5 566.7390888016671
btn 567.4733005375601
6 568.7383669760311
6 570.7376429733704
6 572.7369264347362
4 574.7361492515192
1 623.7353565184167
6 625.7512867529294
6 627.7505490664043
6 629.749833149719
6 631.7491206540144
5 633.7484010054031
btn 634.59917809529
6 635.7476822897443
6 637.7469685500255
5 639.7462513893843
btn 640.6803254777333
6 641.7455230327905
6 643.7448189340066
6 645.7441020843689
5 647.7433696847875
btn 648.5108942489605
6 649.7426711840089
5 651.7419456263888
btn 652.4927892076084
6 653.7412169587915
3 655.7417105121422
2 704.7395851539331
6 706.7555897168932
5 708.7548576283734
6 710.755145612231
6 712.7541952033062
6 714.7532594112563
6 716.7520919259405
btn 717.7204762120964
6 718.7514095969964
6 720.7506859053974
6 722.7499364009709
btn 723.53513309767
6 724.7492229722557
6 726.7485117205651
6 728.7477898949292
6 730.7470755332615
6 732.7463546405779
btn 733.4815239384188
6 734.7455749693909
4 736.7447828582954
2 785.7439612023882
6 787.7599116517813
6 789.7592691305326
6 791.7584496516502
6 793.7577318690019
6 795.7570221722708
btn 796.6077927311999
6 797.7563022125978
5 799.7555844299495
5 801.7548703792854
btn 802.355731594027
6 803.7541522855754
6 805.753439789929
btn 806.737482187571
6 807.7527195192524
5 809.7520036025671
6 811.7512802219717
6 813.7505699032336
btn 814.8169893682352
6 815.7498437236645
4 817.7490596984862
1 866.7482001008466
6 868.7642062188243
6 870.763475685264
6 872.7627588355681
6 874.762042918941
5 876.7632060502656
btn 877.4483333322569
6 878.761227482988
6 880.7602994658519
6 882.7593527889112
6 884.7585951985675
5 886.7578537800582
btn 887.5263859767001
6 888.7571422173642
6 890.7564110617968
6 892.7556907911785
6 894.7549658555654
6 896.7542598908185
3 898.7534547178075
EndData 947.7691725408658
