StartData 73.48267618473619
1 163.51258825324476
6 165.52887955633923
5 167.52802306832746
btn 167.8789074528031
6 169.52731430483982
6 171.5265999431722
6 173.5258927345276
6 175.52516997558996
5 177.52444099728018
btn 177.95892342552543
5 179.52373223332688
btn 180.2586664170958
6 181.52300823060796
6 183.52228982606903
6 185.52158355060965
6 187.52072426397353
5 189.52000523731112
btn 189.92081470182166
6 191.51945010619238
6 193.5187341896817
3 195.51780119678006
2 244.51683243876323
6 246.5328108780086
5 248.53208563150838
6 250.5313700255938
6 252.5306581519544
6 254.52993725938722
6 256.52934325346723
btn 256.9315705569461
6 258.5285240858793
btn 258.9294532844797
6 260.5278097242117
6 262.5270732813515
6 264.52637757966295
6 266.52566072996706
btn 267.0931761506945
6 268.5249429475516
5 270.5242267199792
5 272.5235120472498
btn 273.00771087640896
6 274.52279239846393
4 276.52342154690996
1 325.5212380317971
6 327.5372609440237
6 329.5365238795057
5 331.53581822570413
btn 331.920097541064
6 333.5350534822792
6 335.5343248145655
5 337.53360703215003
btn 337.9017250421457
6 339.5328917372972
6 341.53217395441607
6 343.5314166750759
6 345.53070169175044
6 347.53008094010875
5 349.5293672005646
btn 349.9304733569734
5 351.52856078371406
btn 352.1794434883632
6 353.52784579992294
6 355.52712210826576
3 357.52634865697473
1 406.5254822173156
6 408.54146469943225
6 410.54075469169766
6 412.5400362871587
5 414.5393209923059
btn 414.95690629445016
6 416.5386072527617
6 418.5378916473128
5 420.5371741754934
btn 420.8880831282586
6 422.53644084278494
6 424.53572617005557
6 426.5350164733827
5 428.53429589187726
btn 428.9518951885402
6 430.53357966430485
5 432.53429309278727
btn 432.93631078349426
6 434.53335201367736
6 436.5273139937781
3 438.5313613177277
2 487.529898384586
6 489.54582675313577
6 491.5451733469963
6 493.54448137711734
btn 493.8792582578026
6 495.5388317932375
btn 495.97312326868996
6 497.54294193862006
6 499.542228509672
btn 500.4429645789787
6 501.5415791468695
6 503.54088251199573
6 505.54015664337203
6 507.5393974981271
6 509.53870646096766
6 511.5379917882383
btn 512.0889677302912
6 513.5372055862099
6 515.5364989996888
6 517.5357821499929
4 519.5350058996119
2 568.5341509669088
6 570.5501570850611
6 572.5494237523526
6 574.5486901085824
6 576.547988187056
6 578.547274758108
5 580.5465572867543
5 582.5458423029631
btn 582.8967770687304
6 584.5470041902736
6 586.546050671488
6 588.5450990186073
5 590.5441507864743
5 592.5431789187714
btn 593.2452418906614
6 594.542236906942
6 596.5412749908864
6 598.5403491510078
4 600.5394186456688
1 649.5385624691844
6 651.5545020336285
6 653.5538312117569
6 655.5531146726571
6 657.5524111962877
5 659.5517105185427
btn 660.0196581636555
6 661.5509305363521
6 663.5502152414992
5 665.5494585842825
6 667.5487417345867
6 669.5480214636773
6 671.547313943971
5 673.5465930514038
btn 674.114113137126
6 675.5458786897361
5 677.545165260788
btn 678.0127179394476
6 679.5444481004961
3 681.5436730938964
2 730.5428172284737
6 732.558817748446
5 734.5580887696706
6 736.5599230341613
6 738.5587577261031
6 740.557797987014
btn 740.9598719682544
6 742.5568559751846
btn 743.0749840303324
6 744.5558757102117
6 746.5549467601813
6 748.5539680505171
btn 748.9890018776059
6 750.5530098667368
6 752.5520659885369
6 754.5511339288205
6 756.5503203584813
6 758.549622790888
btn 759.0514309313148
6 760.5488963001408
4 762.5481069879606
2 811.5472663613036
6 813.5631723380648
6 815.5624237665907
6 817.5617022519
6 819.5609869575128
6 821.5602769497782
btn 822.0611667139456
6 823.559554812964
5 825.5588286332786
5 827.5581267117523
btn 827.9090991080739
6 829.5574067519046
6 831.5566982990131
btn 831.9742683623917
6 833.5559858037159
5 835.55526055675
btn 836.5060028773732
6 837.5545471282676
6 839.553831522353
btn 840.4212569408119
6 841.5531146726571
4 843.55233811168
1 892.5534446416423
6 894.5695477905683
6 896.5686091994867
6 898.5676687425002
6 900.5666965637356
5 902.565729983151
btn 903.0167745933868
6 904.5647758422419
6 906.563831964042
6 908.5628800000995
6 910.5619392320514
5 912.561115088407
btn 912.9297095467336
6 914.5604137885384
6 916.5597146656364
6 918.5590049689636
6 920.5582644836977
6 922.557575001847
3 924.5567698287778
EndData 973.5725084887818
