StartData 46.12610240885988
2 136.15017798356712
6 138.16650256328285
6 140.1657916228287
6 142.16588398907334
btn 142.6177424802445
5 144.16692831926048
6 146.16700171446428
6 148.16705271834508
6 150.15107396803796
5 152.1511265267618
5 154.1511691333726
btn 154.4700235547498
6 156.1512089408934
6 158.15128793474287
6 160.15233817370608
6 162.15239166514948
btn 162.6094064982608
5 164.15698230220005
6 166.15626731840894
4 168.15530757978559
1 217.1584996599704
6 219.15965004032478
6 221.15962764853612
5 223.15969140315428
btn 223.56171873491257
5 225.15974365081638
btn 225.54584447992966
6 227.1608069515787
6 229.1608315203339
6 231.1608915431425
6 233.16545076901093
6 235.16474138339981
6 237.16405252367258
6 239.16334220487624
6 241.16263437410817
6 243.16218560468405
6 245.16222758917138
6 247.16329711023718
3 249.16324455151334
2 298.1694716583006
6 300.17482206225395
6 302.1741024139337
5 304.1733777890913
6 306.1726998141967
6 308.1719652377069
6 310.17126331618056
5 312.1708671050146
6 314.17190645914525
6 316.17197052482516
btn 316.59014267940074
6 318.1720193512738
5 320.1720647569746
6 322.1721089188941
6 324.17316444497555
5 326.17320549627766
6 328.1732549453154
4 330.1732073626481
1 379.17981202015653
6 381.19654711708426
6 383.1805727207102
6 385.1806380301714
6 387.1806986746378
6 389.18072448763996
5 391.1817846787162
btn 391.6338571361266
6 393.1818154673092
6 395.18188948510215
5 397.18193115852773
btn 397.61804165970534
5 399.1819790522568
btn 399.7840435169637
6 401.18302960228175
6 403.18307780707255
5 405.1871954165399
btn 405.6549219423905
6 407.1864854088053
6 409.18577571213245
3 411.1850063037127
1 460.1904098885134
6 462.1905467277393
5 464.19056849740446
btn 465.12663234909996
6 466.19061296992004
6 468.19066739454865
6 470.191705504898
6 472.19173691561446
6 474.19580943044275
5 476.19510408770293
btn 476.6138329282403
5 478.1944295335561
btn 478.8462785081938
6 480.193721702788
6 482.1930045420304
6 484.193033776246
6 486.19308540178463
6 488.1908135637641
6 490.20667071361095
3 492.2058969512582
2 541.200376120396
6 543.2044756920077
6 545.2037283643149
6 547.2030590972863
6 549.2023189230822
6 551.2016798225231
btn 551.5537746096961
6 553.2017236733809
btn 553.6037295460701
5 555.2027742234059
6 557.2028401549906
6 559.2028812067583
6 561.2029241244309
6 563.2029664199799
btn 563.5719493147917
6 565.2040200801566
6 567.2041821102612
6 569.2041189777665
6 571.2041706033051
4 573.2041311063804
2 622.2103591463529
6 624.2114843358286
5 626.2114852690138
5 628.2115564872511
btn 628.6305415900424
6 630.2116028261371
6 632.211632059887
6 634.2127149538137
6 636.2127466755919
6 638.2128048320301
6 640.2128443284892
5 642.2138793291524
6 644.2182818120345
6 646.2175649623387
5 648.2168372278102
6 650.2161567648873
6 652.2154420921579
4 654.2150912871584
1 703.2213230584748
6 705.2214586534537
6 707.2214794903994
6 709.2215227191336
6 711.2225801111199
6 713.2269014241174
6 715.2261786656454
6 717.2254773657769
6 719.2247928599827
6 721.2240694793873
5 723.2238660869189
btn 723.6088684722781
6 725.2239139801823
6 727.2239646730013
6 729.2378463656642
6 731.2370346616954
6 733.236296353396
3 735.2355378298089
2 784.2347622015513
6 786.250791022554
6 788.2500533359125
6 790.2495224629529
btn 790.7845320943743
6 792.2495544957928
6 794.2495958581567
6 796.2496546367183
btn 796.7016375269741
6 798.2497028415091
6 800.250776716508
5 802.2507913336158
5 804.2508398490027
btn 804.6698212195188
6 806.2348859785125
6 808.234944446478
6 810.2349870530888
6 812.235030903481
btn 812.6040309029631
6 814.2350616925396
4 816.2399396910332
1 865.2422699970193
6 867.2424158547074
5 869.2424289165065
btn 869.6274197949097
6 871.2424721452408
6 873.2425215938129
6 875.2435429105535
6 877.2436197269708
6 879.2436716635711
6 881.2437124042772
6 883.2447682414204
5 885.2486473154277
btn 885.6838655644096
5 887.2479466376826
btn 887.6830174736679
6 889.2472291658632
5 891.2465412388556
btn 891.6484491475858
6 893.2460010359064
6 895.2460535946302
3 897.2460131649859
EndData 946.2691974206828
