StartData 81.89160673227161
2 171.92485425109044
6 173.94115457311273
6 175.94031394599006
6 177.9396110912785
btn 178.32465483946726
6 179.93888833280653
5 181.93817708082497
5 183.9378097928129
btn 184.3066701539792
6 185.93787479121238
6 187.93793263705447
6 189.9379568947479
6 191.9370329203084
btn 192.3889082055539
6 193.93708827812225
6 195.93713306169957
6 197.9371697595343
btn 198.38902389677241
6 199.9372288491577
6 201.93625978007913
4 203.93606509594247
1 252.93227403378114
6 254.93242517858744
6 256.9324422837235
5 258.93249826319516
5 260.9485451220535
btn 261.36754546361044
6 262.94859519274905
6 264.94864992797375
btn 265.36664823489264
6 266.94869315670803
6 268.9477387047373
6 270.9477760246955
6 272.94782391842455
btn 273.5668582827784
6 274.9380181613378
6 276.9371986822225
6 278.9364864975214
btn 279.3873628578149
6 280.9357712031342
5 282.93508825218305
3 284.93433501571417
1 333.943243233487
6 335.9495412474498
6 337.94869315670803
6 339.9480770705268
5 341.94734000600874
btn 342.3492843010463
6 343.94660574011505
6 345.9459140812978
6 347.9451959878206
5 349.94449313310906
btn 350.31306084571406
6 351.943820444867
6 353.95975192356855
6 355.9590195240453
5 357.9582970761694
btn 358.3935526451096
6 359.9579562228173
5 361.95800318336114
btn 362.3430093009956
6 363.95706645864993
3 365.95699492888525
2 414.95452063158154
6 416.9705367013812
6 418.9703687625006
6 420.9693922298029
btn 421.3554635141045
6 422.9694721563719
6 424.96949299331754
6 426.9695707424544
5 428.9696285882965
5 430.9686663611792
btn 431.304709313903
6 432.9687332259491
6 434.9687811192125
btn 435.4038174347952
6 436.9688327452168
6 438.96886944258586
6 440.9679317846894
btn 441.40394618781283
6 442.96798341022804
btn 443.58698107721284
5 444.9680120223202
4 446.9679824775085
2 495.96420727623627
6 497.9643394504674
6 499.96436401922256
5 501.9803925291635
6 503.9804606377147
6 505.9805079093203
btn 506.36548976879567
6 507.97956029931083
6 509.9796060160734
6 511.97966355038807
5 513.9797030473128
5 515.979727616068
btn 516.4143223143183
6 517.9788089287467
6 519.9669502759352
5 521.9662343594246
6 523.9655091129243
6 525.9647907079197
4 527.9806547001936
1 576.9797381898388
6 578.9957390208729
6 580.9950930788182
6 582.9943756069988
5 584.9936839481816
btn 585.4123306851834
6 586.9929425297305
5 588.9922713967972
btn 589.4275033292361
6 590.9915542360395
6 592.9908134397119
6 594.9901003218256
6 596.9897177945822
6 598.9897694201209
5 600.9898173138499
btn 601.3919074670412
5 602.9888684600592
btn 603.4078868394718
6 604.9889387455769
6 606.9889654912986
3 608.9889222625643
2 657.9851529705338
6 659.985286699608
5 661.9853056706488
6 664.001359059941
6 666.001402599737
6 668.0014461395331
btn 668.3865010836162
6 670.0004982184619
5 672.0005171895027
6 674.0005977377295
6 676.0006422102451
6 678.0006882380694
btn 678.5027392678894
6 679.9997365851887
6 681.999784167856
6 683.9998407694511
btn 684.4518326786347
6 685.9998927060515
6 687.999918518588
4 689.9988748105243
1 738.996120614931
6 741.0122579741292
6 743.0122809880413
6 745.0123217287473
5 747.0113719417714
6 749.0114257442765
6 751.0114683508873
6 753.0115196653642
btn 753.3795104771852
6 754.9994781459682
btn 755.4506527530029
5 756.998722110875
6 758.998027341906
6 760.9973139129579
btn 761.3825619868003
6 762.996602661442
6 765.0125910523348
6 767.0118480790406
btn 767.4971186066978
6 769.0111315404065
3 771.0103372521698
2 820.0094726788811
6 822.0255005666986
6 824.0247603920288
6 826.0240777521394
6 828.0233624572866
btn 828.4086960554123
6 830.0226477845572
btn 830.424468614161
5 832.0224490570836
6 834.021485586185
5 836.021524772048
5 838.0215670675971
btn 838.4406221448444
6 840.0216463720426
6 842.0216908450238
6 844.0207152450457
6 846.0208166302182
5 848.0208365339786
6 850.0208794521168
4 852.0208393330686
1 901.0170653760433
6 903.0331980702467
5 905.0332198399119
btn 905.4682505573146
6 907.0332683557644
6 909.0323167028837
6 911.0323639744893
5 913.0324131119996
btn 913.3844083799049
6 915.03246784769
6 917.0325235160999
6 919.0315612894483
6 921.0315839922987
6 923.0316645405255
5 925.0317242522724
btn 925.4167269486934
5 927.031765925698
btn 927.7337841144763
6 929.0308046322316
6 931.0308456835337
3 933.0308724297211
EndData 982.0440027518198
