StartData 49.47245586756617
2 139.49768462218344
6 141.5150575749576
6 143.5139267873019
6 145.5139320739545
btn 145.91482799639925
5 147.51297731138766
6 149.51302333874628
6 151.5120536480099
6 153.51212300080806
5 155.5111374487169
5 157.5111856535077
btn 157.8461500662379
6 159.51026230165735
6 161.51031797006726
6 163.5093625849113
6 165.50941918650642
btn 165.91029364988208
5 167.5084134200588
6 169.5085051646456
4 171.50730440253392
1 220.50199536094442
6 222.5179249732755
6 224.51719132997096
5 226.5165687124245
btn 226.9510082229972
5 228.5158596378751
btn 228.91680531948805
6 230.5151309701614
6 232.51441443152726
6 234.5137115768157
6 236.51299255015329
6 238.5122701022774
6 240.5115526309237
6 242.51084728818387
6 244.51012919424102
6 246.50941265560687
6 248.5086967390962
6 250.50799917103723
3 252.50720301736146
2 301.5115075362846
6 303.5276433401741
6 305.52766231121495
5 307.52669977303594
6 309.5267604175024
6 311.52581374067813
6 313.52586474455893
5 315.5180664774962
6 317.51721994159743
6 319.5165024702437
btn 319.9341313117184
6 321.5157859311439
5 323.5150706367567
6 325.51435409812257
6 327.51363911433145
5 329.51292506372556
6 331.5122069697827
4 333.5280874450691
1 382.5273366966285
6 384.5433723591268
6 386.54263373976573
6 388.5419131577946
6 390.54171069851145
6 392.540764643345
5 394.5408585648984
btn 394.9259010688402
6 396.5398593293503
6 398.5399121986702
5 400.53895930200815
btn 401.00802405085415
5 402.53902367828414
btn 403.0240877037868
6 404.538059274666
6 406.53810125915334
5 408.537175108213
btn 408.972204270307
6 410.53722300194204
6 412.5362626411952
3 414.5362156801857
1 463.5315491599031
6 465.5475590098649
5 467.5468241223134
6 469.5461085168645
6 471.5454927412793
6 473.54476593993604
6 475.5439682309516
6 477.54324609413743
5 479.542627830524
btn 479.99353031488135
5 481.5419193780981
btn 482.2429585456848
6 483.5411935094744
6 485.5404828796163
6 487.5397706949152
6 489.53903829539195
6 491.53833512961864
6 493.5376241886988
3 495.5368386087939
2 544.5394164687023
6 546.539553929586
6 548.5555746643804
6 550.5546236336231
6 552.5546761918813
6 554.5490925395861
btn 555.0168346157297
6 556.5482895434834
btn 556.9493366107345
5 558.5475726937875
6 560.5468542892486
6 562.5461389943957
6 564.5454237000085
6 566.544710893184
btn 566.9289839891717
6 568.543994043488
btn 569.0115417460911
6 570.5432747057639
6 572.5425625210628
6 574.5418509584852
4 576.5410641343333
2 625.5403211610392
6 627.5563394078054
5 629.5556172709912
5 631.5548923355527
btn 631.9901115172543
6 633.5541711319238
6 635.5534611241892
6 637.5527399205603
6 639.5520215160213
6 641.5512968911789
6 643.5509037901647
5 645.5499393865466
6 647.5499683092348
6 649.5490129240789
5 651.5491149313748
6 653.5481132077985
6 655.5481564365327
4 657.5471295220777
1 706.5533600500785
6 708.5695070498623
6 710.5685127903707
6 712.5685718795285
6 714.5676127630286
6 716.567705440335
6 718.5667108697817
6 720.5667662271298
6 722.5658235931769
6 724.5658630901016
5 726.5649039731361
btn 726.9339593299665
6 728.564936005976
6 730.5693916697055
6 732.5686331461184
6 734.5679766302928
6 736.5672498284839
3 738.5664343927056
2 787.5683392533101
6 789.5844551534392
6 791.5834882617928
6 793.5835408205166
btn 794.0528036751784
6 795.5826277313754
6 797.5826215110719
6 799.5817177519202
btn 800.0508674033917
6 801.5817376556806
6 803.5807853806764
5 805.5808083945885
5 807.5798834874295
btn 807.9489292036742
6 809.5799229843542
6 811.5789756854065
6 813.5790260671638
6 815.5780784571543
btn 816.0971242664382
6 817.5781213748269
4 819.577073934488
1 868.5699262744747
6 870.5859507415444
5 872.5852242507972
btn 873.1038841120899
6 874.5844980711117
6 876.5837790444493
6 878.5830656159669
6 880.5823820428923
6 882.5816686144099
6 884.5809299945831
6 886.5802258960903
5 888.5795168215409
btn 889.0648019658402
5 890.5788030815311
6 892.5780489123426
5 894.5773463686928
btn 895.0460413414985
6 896.5770151559263
6 898.5760638141073
3 900.5760519960895
EndData 949.5908038602211
