StartData 39.886916265357286
2 129.9026645659469
6 131.9189701746218
6 133.9181158640422
6 135.91740710055456
btn 136.3191616870463
6 137.91668869554996
5 139.91596127208322
5 141.91523260483518
btn 142.33367626043037
6 143.9145191758871
6 145.9138147663325
6 147.91308765346184
6 149.9123683157377
btn 150.59737648582086
6 151.9116673269309
6 153.91094767861068
6 155.91023767087609
btn 156.34532343456522
6 157.9095276631415
6 159.90881547844037
4 161.90780846774578
1 210.90699054393917
6 212.9230125225149
6 214.9222614634782
5 216.92153870454058
btn 217.39013602444902
5 218.9208495337516
btn 219.58939846232533
6 220.92012895224616
6 222.9194323173724
6 224.91866943985224
6 226.91798804420978
6 228.91726590739563
6 230.91655092360452
6 232.91581696923822
6 234.91512220026925
6 236.91441499162465
6 238.9136881902814
5 240.91295423544943
btn 241.3814986855723
3 242.91215621540323
1 291.91129723982885
6 293.9273496964015
6 295.92660703416914
6 297.9258960932493
5 299.92514845496044
btn 300.3104671249166
6 301.9244375140406
6 303.923725951463
6 305.9230258958414
5 307.92227608012035
btn 308.2908885763027
6 309.92158068949357
6 311.92087254766375
6 313.9201510329731
5 315.9194568861276
btn 316.28800998209044
6 317.91873288340867
5 319.91801261296496
btn 320.41990005783737
6 321.91727865859866
3 323.9164862362668
2 372.91561979660764
6 374.9316585692577
6 376.9309059549123
6 378.93021678412333
btn 379.3321452187374
6 380.9294859394431
6 382.92877779807895
6 384.92806685715914
5 386.927350318525
5 388.92661325400695
btn 389.311913263984
6 390.9258945384063
6 392.9251811094582
btn 393.410478382837
6 394.92448198702186
6 396.9237458552234
6 398.9230230967514
btn 399.35828644037247
6 400.92231868673116
5 402.9216198748909
4 404.9208091041073
2 453.91994390869513
6 455.9359717965126
6 457.9352372200228
5 459.9345380971208
6 461.93382684513927
6 463.9331068857573
btn 464.3517107050866
6 465.93237293092534
6 467.9316504835151
6 469.93094078684226
5 471.93023482197896
5 473.92953943135217
btn 474.31479901168495
6 475.928815739695
6 477.92807680927217
5 479.92739137029275
6 481.9266673675738
6 483.9259474077262
4 485.9251179769635
1 534.9242929001339
6 536.9402881334536
6 538.9395566666499
6 540.9388678069226
5 542.9381546890363
btn 543.3568857065402
6 544.937410782557
5 546.936721611768
btn 547.3553434689529
6 548.9360091160052
6 550.9352888455614
6 552.934562665876
6 554.933839907404
6 556.9331395402551
5 558.9324205135927
btn 559.3509910563007
5 560.9316878030077
btn 561.6835337299854
6 562.9309728196822
6 564.9302730746567
3 566.9294523517601
2 615.9286176338792
6 617.9446455216967
5 619.9439103230834
6 621.943167660851
6 623.9424579641782
6 625.9417432914488
btn 626.3770489306189
6 627.9410289297812
5 629.9403326059692
6 631.9395952303894
6 633.9388970406726
6 635.9381848559715
btn 636.4067293056287
6 637.9374617864378
6 639.9367517787032
6 641.9360346179456
btn 643.0525069837458
6 643.9353165240027
6 645.9345707516186
4 647.9337820615619
1 696.9329386358149
6 698.9489711886272
6 700.9482173300348
6 702.9475110545754
5 704.9467792771757
btn 705.3980095526204
6 706.9460910391062
6 708.9453300279565
6 710.9446588945575
6 712.9439445328899
5 714.9432236403227
btn 715.4618878555484
6 716.9424890638329
6 718.9417815441266
6 720.9410444796085
6 722.9403490889817
6 724.9396449900232
6 726.9389244085178
3 728.9381226561964
2 777.937275187578
6 779.9533033864573
6 781.9525663219392
6 783.9518305012025
6 785.9511204934679
btn 786.3697834028862
6 787.9503974239342
btn 788.3690516250208
5 789.9497038992122
6 791.9489886043593
5 793.948281084653
5 795.9475480634719
btn 796.3827700442635
6 797.9468374336138
6 799.946130846627
6 801.9454062222503
6 803.9446719568223
5 805.9439507531933
6 807.9432581611909
4 809.942430596333
1 858.9415868595243
6 860.9576016855426
5 862.9568935437128
btn 863.4254358168691
6 864.9561701631173
6 866.9554595332593
6 868.9547476596199
5 870.9540289440192
btn 871.3892963305116
6 872.9532691766508
6 874.9525971105322
6 876.9518606681377
6 878.9511528373696
6 880.9504596237093
5 882.9497138513252
btn 883.3350278562866
5 884.9489826955833
btn 885.7000150522217
6 886.9483106294647
6 888.9475909811445
3 890.9467631052248
EndData 939.9625369077548
