StartData 41.92990267649293
1 131.94970016693696
6 133.9651010837406
5 135.96409593895078
btn 136.41594634437934
6 137.9633800224401
6 139.96265601972118
6 141.96195596409962
6 143.96123849228024
5 145.96048867702484
btn 146.3789127394557
5 147.95978364534676
6 149.95907425926998
6 151.95836673956364
6 153.95761568006128
6 155.95691127050668
5 157.9562171236612
btn 158.45790988393128
6 159.95550182880834
6 161.9547464158386
3 163.95378107903525
2 212.95285523869097
6 214.96886135684326
5 216.96812833519652
6 218.96741677215323
6 220.96670085564256
6 222.96598742716014
6 224.96527182124555
btn 225.36617551837116
6 226.96455310564488
btn 227.3654608456418
6 228.96382568217814
6 230.96310105733573
6 232.96238482976332
6 234.96166953491047
btn 235.79580140672624
6 236.96095610642806
5 238.960255428683
5 240.95953702414408
btn 241.39380144281313
6 242.95891938265413
4 244.9580414360389
1 293.9572969074361
6 295.9733120445162
6 297.9725852427073
5 299.9718749243766
btn 300.3238851199858
6 301.97115962952375
6 303.96050515957177
5 305.9697110024281
btn 306.42163542471826
6 307.96899259788916
6 309.9682496241294
6 311.9675480131991
6 313.96682027867064
6 315.9661149359308
5 317.9653924885206
btn 318.367326520849
5 319.9646756388247
btn 320.58319374732673
6 321.96395816700533
6 323.963260599412
3 325.9624358336441
1 374.9615159020759
6 376.97751735523343
6 378.9767914866097
6 380.97607463691384
5 382.97536338539794
btn 383.34297446906567
6 384.9746418707073
6 386.9739281311631
5 388.97321190312505
btn 389.3574604303576
6 390.97249660873786
6 392.9717778931372
6 394.9710629093461
5 396.97034574858844
btn 397.35464061424136
6 398.96963667403907
5 400.96890240814537
btn 401.38650823617354
6 402.9681858695112
6 404.96748767979443
3 406.9667020998895
2 455.96595601644367
6 457.9819895019755
6 459.9812462176196
6 461.98053745366633
btn 462.5324000502005
6 463.9798218482174
btn 464.3650301140733
6 465.97907420946285
6 467.97834771918133
btn 468.4133501355536
6 469.97762900358066
6 471.9769280147739
6 473.9762133420445
6 475.97549618128687
6 477.97476689191535
6 479.9740665247664
btn 480.3593251723796
6 481.9733434552327
6 483.97262287372723
6 485.9719153540209
4 487.971128529869
2 536.9701778097078
6 538.9861817508936
6 540.9854555712081
6 542.9847449413501
6 544.9840249819681
6 546.9833078212105
5 548.9825906604528
5 550.9818769209087
btn 551.3661593464203
6 552.9811578942463
6 554.9804438436404
6 556.9797260607593
5 558.9790101442486
5 560.9783085333183
btn 561.3458878952079
6 562.9775599618442
6 564.9768608389422
6 566.9761439892463
4 568.9753646291792
1 617.9746390716173
6 619.9906526533887
6 621.9898788915016
6 623.98916763952
6 625.9884486128576
5 627.9877336290665
btn 628.4063520655036
6 629.9870220664889
6 631.9862909112126
5 633.9855920993723
btn 634.4042910840362
6 635.9848693404347
6 637.9841540460475
6 639.9834390622564
5 641.9827281213365
btn 642.3679855251685
6 643.9820097167976
5 645.9812934892252
btn 646.3832244114019
6 647.9805766395293
3 649.9797568498179
2 698.9788384735584
6 700.994847390335
5 702.994113124907
6 704.9934018729255
6 706.9926822246052
6 708.9919616426341
btn 709.3428939203732
6 710.99124790309
btn 711.3588596088812
6 712.9905341635458
6 714.9898157590069
6 716.9891010862775
btn 717.3900414807722
6 718.9883864135481
6 720.9876708076335
6 722.9901923770085
6 724.9892257959582
6 726.9882576605305
btn 727.6073383637704
6 728.9872926343232
4 730.986277537886
2 779.9832453108393
6 781.9992654235102
6 783.99853737792
6 785.997833901085
6 787.9971114536747
6 789.9963818527758
btn 790.4816240798682
6 791.9956774432212
5 793.994950952474
5 795.9942452986725
btn 796.4117724443786
6 797.9935290711
6 799.9928115992807
btn 800.4282254660502
6 801.9921112325974
5 803.9912892659195
6 805.9905661963858
6 807.9898533895612
btn 808.4574477416463
6 809.9891362288035
4 811.988357801456
1 860.9874994480051
6 863.0035030781291
6 865.002770989202
6 867.0020544505678
6 869.0013428879902
5 871.0006257272325
btn 871.3849358316511
6 872.9999094996601
6 874.9991935831495
6 876.9984764223918
6 878.9977620607242
5 880.9970467658713
btn 881.5645758705214
6 882.9963330263272
6 884.9955968949944
6 886.9948977720924
6 888.9941834104247
6 890.9934678045101
3 892.9941840320826
EndData 942.0085210255347
