StartData 42.223060913864174
2 132.23830602047383
6 134.25447416822135
6 136.25366712921823
6 138.25295525552065
btn 139.00370895840751
5 140.2522352958622
6 142.2515178242029
6 144.25080470650573
6 146.25008567985788
5 148.24936976318713
5 150.24865166952077
btn 150.96607979328837
6 152.24793575285003
6 154.24721921417222
6 156.246503608505
6 158.24577120895265
btn 159.1964398228738
5 160.24506990917143
6 162.2488895827555
4 164.24348661994736
1 213.24259343458107
6 215.25859675355605
6 217.2578674639808
5 219.25714283937123
btn 220.1412719432119
5 221.25643127666262
btn 221.8975355921284
6 223.2452521538071
6 225.24533394620812
6 227.24439628818072
6 229.24341291349265
6 231.24347449102788
6 233.25950517778983
6 235.2585656537849
6 237.25761679983407
6 239.25768210935348
6 241.2567149065435
6 243.25575889965694
3 245.25571815896546
2 294.2468889346346
6 296.26289660757175
6 298.26216047604976
5 300.2614451813715
6 302.26072708770516
6 304.2600102380384
6 306.2592946323566
5 308.2585799596709
6 310.2578674639808
6 312.2571443943598
btn 312.9746651954338
6 314.25642723368946
5 316.25571007301915
6 318.25499197936733
6 320.2542797946662
5 322.25356232299237
6 324.2528398753784
4 326.252133599628
1 375.2512659160857
6 377.2672306713357
6 379.26655051938724
6 381.26583366972045
6 383.26513299193175
6 385.26439499441767
5 387.2636868526897
btn 388.69658910176076
6 389.2629609840951
6 391.2622571963293
5 393.2615378586779
btn 394.2133251312771
5 395.2608210090111
btn 396.0459987348586
6 397.2601038483408
6 399.2593754917616
5 401.2586710820033
btn 401.9937753812992
6 403.25796667224495
6 405.2572495115746
3 407.2564306546701
1 456.25561677372025
6 458.271615116726
5 460.2708727652498
btn 460.9561085854657
6 462.2700977590139
6 464.2694260040007
6 466.26872874719265
6 468.2680059885606
6 470.2672956698516
5 472.26656140430714
btn 472.8518124012189
5 474.2658513965871
btn 475.05103627538483
6 476.26514636483626
6 478.26442889317696
btn 479.91407631509355
6 480.26371173250664
6 482.26300016979803
6 484.2622842531273
6 486.2615621165023
3 488.2607267767162
2 537.2608763665921
6 539.2610188035324
6 541.2770155915496
6 543.2760801105178
6 545.2750958028337
6 547.2751620453346
btn 548.1932443216501
6 549.2742135024018
btn 550.2093104621454
5 551.273237591653
6 553.2723139285226
6 555.2723506262555
6 557.2714114132395
6 559.2704582053266
btn 560.4707491125591
6 561.2705008120101
btn 561.8716254418396
6 563.2695516470703
6 565.2686223859782
6 567.2686258069589
4 569.2676159974653
2 618.264076843785
6 620.2800866937032
5 622.2793287923414
5 624.2786306025373
btn 625.0128289655695
6 626.2779177958437
6 628.2771950372116
6 630.2764570397121
6 632.2757417450339
6 634.2750472871994
6 636.2743267055484
5 638.2736117218737
btn 639.6732484143722
6 640.2728752793482
6 642.2722778527968
5 644.2714425130107
6 646.2707508541498
6 648.2700259185367
4 650.2692478023237
1 699.2683798077924
6 701.2843772178021
6 703.2837751262705
6 705.2829267245834
6 707.2822120518977
6 709.2814917812648
6 711.2807746205945
6 713.2800618139008
6 715.2793455862266
6 717.2786271815712
5 719.2779109538969
btn 719.7954928971158
6 721.2771937932266
6 723.2764797425334
6 725.2757622708741
6 727.2750472871994
6 729.2743307485216
3 731.2735684931977
2 780.2726703318767
6 782.2886689858715
6 784.2880280196405
6 786.2872225356405
btn 786.8881434619834
6 788.2865119059134
6 790.2857882142998
6 792.2850648336898
btn 792.7360173884954
6 794.2843566919473
6 796.2836609901278
5 798.2829217486287
5 800.2823003752419
btn 800.9499931269529
6 802.2814889822766
6 804.2807699556288
6 806.280053416951
6 808.2793387442798
btn 808.8635752667178
6 810.278717370893
4 812.2779038009467
1 861.277039849374
6 863.2930686701438
5 865.2923328496254
btn 866.0942242131568
6 867.291614755959
6 869.2908985282847
6 871.2901807456365
6 873.2894666949433
6 875.2887430033297
6 877.2880211776937
6 879.2873130359658
5 881.2865887223452
5 883.2858665857202
btn 883.8700468175812
6 885.285166218935
5 887.2844577662036
btn 887.8697529247729
6 889.283720390682
6 891.2830218898744
3 893.2822232478211
EndData 942.2979681277066
