StartData 37.321603951902944
2 127.34591930604074
6 129.3621020706778
6 131.36120888532605
6 133.3606055498094
btn 134.2949722869962
6 135.35977985095815
5 137.35906393427285
5 139.35834366363997
btn 139.85916220954095
6 141.3576305459428
6 143.35691245227645
6 145.3564879404439
6 147.35563642876514
btn 147.84076887335686
6 149.35490745019342
6 151.35418904553808
6 153.35348587976478
btn 154.07195957776275
6 155.35276560911734
6 157.35192871434265
4 159.3510190461093
1 208.35014203263563
6 210.36615032756526
6 212.36541388503974
5 214.3646973463765
btn 214.96559308191354
5 216.36398485067184
btn 217.06723427890392
6 218.36410613977932
6 220.36265533557162
6 222.3619624327257
6 224.36121012931108
6 226.36049794460996
6 228.35977860695857
6 230.35896099403908
6 232.35824538837187
6 234.35753133767867
6 236.35681417700835
5 238.3560976383451
btn 238.80705019315064
3 240.35531952213205
1 289.3544406426663
6 291.3559160156874
6 293.36991433257936
6 295.3690877007175
5 297.36838018098206
btn 298.2202103090676
6 299.36766084333067
6 301.3669477256335
6 303.36612482575583
5 305.3654253919667
btn 305.88302195207507
6 307.3647017003386
6 309.3639857836679
6 311.3632636470429
5 313.36270105221774
btn 313.9970498759358
6 315.3645020398253
5 317.36153138992086
btn 318.07973918489006
6 319.36053775231994
3 321.3596787767019
2 370.3588409489312
6 372.3748427129176
6 374.37412710723584
6 376.37338848772924
btn 377.0245087946969
6 378.3726262324053
6 380.37186428807036
6 382.371146194404
5 384.3704318327218
5 386.3697146720515
btn 386.90394929742615
6 388.3690171042399
6 390.3682809727179
btn 390.97145849828667
6 392.36835965514183
6 394.36695954354946
6 396.3662175030622
btn 397.1514110897988
6 398.3655025193875
5 400.3647853587172
4 402.3639643248316
2 451.3631162341335
6 453.3790418036806
6 455.378317179071
5 457.3775754495873
6 459.37688036976033
6 461.37616414208605
btn 462.3102615552634
6 463.3754429384571
6 465.3747304427525
6 467.37416038398806
5 469.37342176448146
5 471.3726781690202
btn 471.891294490546
6 473.3719616303424
6 475.3712447806756
5 477.3704856353288
6 479.369714983055
6 481.36899346842256
4 483.3682175291906
1 532.3673392717319
6 534.3833295287914
6 536.3826086361514
6 538.3818936524767
5 540.381930350195
btn 541.3982011271728
6 542.380592438145
5 544.3798553736269
btn 545.181679872665
6 546.3791245290631
6 548.378411100377
6 550.3776500890381
6 552.3768785037682
6 554.3762213656591
5 556.3754500913928
btn 557.0763315832446
5 558.3747407056799
btn 559.0922621287464
6 560.3740135930857
6 562.3732927004457
3 564.3725152062252
2 613.3736279559525
6 615.387819713389
5 617.3870108084084
6 619.3862896047794
6 621.3855649801699
6 623.3848611924041
btn 624.3355801879516
6 625.3840519764199
5 627.383334504746
6 629.382611435125
6 631.3819135563244
6 633.3811768027954
btn 634.1153552619799
6 635.3804574651585
btn 636.1646350224328
6 637.3797412374843
6 639.3803433290013
btn 640.1315128357965
6 641.3784334922093
6 643.3776936287031
4 645.3768828577449
1 694.3760148631991
6 696.3920284450869
6 698.3913171933818
6 700.3905446751305
5 702.3897718458757
btn 703.1739338532789
6 704.3890540632128
6 706.3883403235232
6 708.3876231628528
6 710.3869128441438
5 712.3861742246372
btn 713.3392344107706
6 714.3861714256491
6 716.3848683453398
6 718.3841546056501
6 720.3834268710634
6 722.382706289427
6 724.3819518090313
3 726.3811167802487
2 775.380306009276
6 777.3962340668077
6 779.395507265217
6 781.3947686457104
6 783.3940732548799
btn 784.1782458361995
6 785.3933604481863
btn 785.9776125205099
5 787.3926386225503
6 789.3920523919078
5 791.3913187483704
5 793.3915532406245
btn 793.8750429954234
6 795.3898816280562
6 797.3890913829382
6 799.3883431224967
6 801.3876203638793
5 803.38690538019
6 805.3861726696487
4 807.3854113473062
1 856.3845290468744
6 858.4005311218498
5 860.3998080522288
btn 860.9674469391175
6 862.3997573595989
6 864.3985003069538
6 866.3977843902685
5 868.3970243119256
btn 869.0487852741353
6 870.3963220791484
6 872.3955318340304
6 874.3947997454816
6 876.3940629919525
6 878.3933517402475
5 880.3926389335538
btn 881.1601432828465
5 882.3919105769601
btn 883.5416270403803
6 884.3912011912471
6 886.3904868295504
3 888.3903372396599
EndData 937.4055583994486
