StartData 47.757695171254454
1 137.78572570376855
6 139.8021488696104
5 141.80106286569207
btn 142.33608680318866
6 143.8000885099318
6 145.80016128339048
6 147.79918972661835
6 149.79823527472035
5 151.79830369421688
btn 152.24925065107527
5 153.7973557732621
btn 154.58234783349326
6 155.79640940729587
6 157.79545371141285
6 159.79549725109246
6 161.79455150711874
5 163.79360420817102
btn 164.4455405730696
6 165.7926314073993
6 167.7926712151093
3 169.7915015528124
2 218.791722672162
6 220.80787589201645
5 222.80688598638517
6 224.80594148639648
6 226.80597942811437
6 228.8050094263308
6 230.80409571513883
btn 231.37320313311648
6 232.80312353635964
btn 233.2392592283868
6 234.80317920494417
6 236.80223128400394
6 238.8012706121517
6 240.80032082520484
btn 241.58541147170763
6 242.800365919873
5 244.79941768792924
5 246.79846510200878
btn 247.200602837911
6 248.79851299565053
4 250.79747581837
1 299.7933146693249
6 301.8093238972506
6 303.8085893207026
5 305.8078737150354
btn 306.5420552841824
6 307.8071602863347
6 309.8064409486833
5 311.80572503201256
btn 312.5233963559731
6 313.8050165792811
6 315.8043022175989
6 317.8036317065853
6 319.80286478628113
btn 320.60372301550524
6 321.80214264965616
5 323.8014313979511
btn 325.0011419835064
5 325.8007145482843
btn 326.88379073835677
6 327.80001231550705
6 329.7992774279701
3 331.79850055574207
1 380.8026533078664
6 382.8027873478568
6 384.81882487658004
6 386.817856740774
5 388.8169184607541
btn 389.5020855504845
6 390.8159366410546
6 392.81598484569986
5 394.81506273755804
btn 395.4502692928945
6 396.8140995777212
6 398.814149648344
6 400.8131986174267
5 402.81227526529983
btn 403.4143515480537
6 404.8112847376615
5 406.81133325329574
btn 407.3964837979438
6 408.8103691604774
6 410.80946229121764
3 412.8083980571246
2 461.8185810543946
6 463.8345837513625
6 465.8338703226618
6 467.83315254001354
btn 468.5173430970026
6 469.83243382435467
btn 470.40002077464305
6 471.8317179076839
6 473.83099639305146
btn 474.38189800643886
6 475.8302829643508
6 477.829567358669
6 479.82885330799036
6 481.82813428132795
6 483.8274317375617
6 485.8266809891502
btn 486.4608805339667
6 487.8259840433311
6 489.8252553757484
6 491.82455158798257
4 493.82377658174664
2 542.8228980132844
6 544.8389007102523
6 546.8381729756657
6 548.8374542600068
6 550.8367330563779
6 552.8360267806274
5 554.8353021560179
5 556.8345881053247
btn 557.5021340661187
6 558.8339580240136
6 560.8331550279836
6 562.8324406663014
5 564.8317284816003
5 566.8310194068763
btn 567.565176096221
6 568.8302988252399
6 570.8295720236347
6 572.8288567289565
4 574.8280826557166
1 623.8271988002962
6 625.8432021192566
6 627.8424743846699
6 629.8417538030335
6 631.8410357093671
5 633.8403244576621
btn 634.6411413241876
6 635.8396069860028
6 637.8389846796345
5 639.8381869705627
btn 640.455707398447
6 641.8374676329113
6 643.83673741034
6 645.8360286466195
5 647.835307442976
btn 648.4528518176812
6 649.8346764286689
5 651.8339057764097
btn 652.6180397940188
6 653.8331621809339
3 655.8323781557701
2 704.8315795137023
6 706.8476049135061
5 708.846867848988
6 710.8460825798393
6 712.8454397476162
6 714.8447182329837
btn 715.612266121956
6 716.8440097802522
btn 717.6285120191169
6 718.8432058512262
6 720.8425720379455
6 722.8418390164006
btn 723.3261239922867
6 724.8411302526656
6 726.8404230439337
6 728.839695309347
6 730.8389905885851
6 732.8382756048959
btn 733.3063949210336
6 734.8375475593202
4 736.8367604241794
2 785.8358837216947
6 787.8519231163955
6 789.8511729899765
6 791.8504545853211
6 793.8497396016319
6 795.8490190199955
btn 796.5842474073579
6 797.8483366910659
5 799.8476064684946
5 801.8468917958089
btn 802.5646545530908
6 803.846155353298
6 805.8454428575933
btn 806.6297799566964
6 807.8447241419344
5 809.8440069812787
6 811.843294796563
6 813.8425623970106
btn 814.9257757370797
6 815.8418533222866
4 817.8410431733209
1 866.8401854417025
6 868.8562145734759
6 870.8554743989807
6 872.8547905150626
6 874.85404847459
5 876.8533235389768
btn 877.4385695599194
6 878.8526421430433
6 880.8519175184338
6 882.8511630380526
6 884.8504483653669
5 886.8497632374638
btn 887.6349941439112
6 888.849062870664
6 890.8483090122754
6 892.8475934065937
6 894.8469116996712
6 896.8462085338979
3 898.8453588882112
EndData 947.8611190069932
