StartData 29.859370888999365
2 119.8856044768736
6 121.90200151891258
6 123.90112046246577
6 125.90041449771707
btn 126.38451753995832
5 127.8995502351454
6 129.89882965350444
6 131.89809321098255
6 133.8975542519911
5 135.89681594348258
5 137.89609380685397
btn 138.5800458286194
6 139.89524322818033
6 141.89453570844307
6 143.89381761478398
6 145.8932789667906
btn 146.31171142649055
5 147.89251702245838
6 149.89180079478592
4 151.8907944062712
1 200.89000011817916
6 202.90592102275969
6 204.9051932881721
6 206.90447332852727
btn 207.639715710794
5 208.90388523190177
btn 209.58935896534786
6 210.90313261749907
5 212.9023420613794
6 214.90161028382227
6 216.90089592213553
5 218.90017876147067
6 220.89957573695574
6 222.8988333854768
6 224.89812275576242
5 226.89731540576759
6 228.89659917809513
6 230.8958826394246
3 232.89520279848148
2 281.8943385359098
6 283.910375753625
6 285.90960385736616
5 287.9088922946594
6 289.90810453751874
6 291.9073634300303
6 293.9066384944226
5 295.9060388908829
6 297.90531240028577
6 299.90451375822613
btn 300.40538703973107
6 301.9037822916671
5 303.9030707289594
6 305.9023507693146
6 307.9017458788139
5 309.90101814422724
6 311.9002984955796
4 313.89942521407556
1 362.89856157349914
6 364.9145639594735
6 366.91383715787924
6 368.91352460520375
6 370.91254931645835
6 372.9117764872062
5 374.9109647832438
btn 375.36188281731575
6 376.91033190295093
6 378.90955751871115
5 380.90890224658506
btn 381.44413735150647
5 382.90819721482876
btn 383.6267769630331
6 384.90747383420967
6 386.90667083818244
5 388.90594745756243
btn 389.5401199455873
6 390.9052396268271
6 392.9045261981337
3 394.9038500891629
1 443.9029951565217
6 445.91898572458376
6 447.9181733986261
btn 448.452348001435
6 449.91742980315667
6 451.9167191734423
5 453.91600263477267
6 455.91541360515384
6 457.91467311966153
6 459.91394103110633
btn 460.4981393008393
5 461.9131361690934
btn 462.6139660353201
6 463.91242367339237
6 465.9117074457199
5 467.9111050432002
5 469.9103633137174
6 471.9096445980631
6 473.9088391140549
3 475.90806566280753
2 524.907209797173
6 526.9232025422198
6 528.9224707646626
6 530.9218888879905
6 532.9211487134953
5 534.9204104049877
btn 535.5046634103137
5 536.9196070979624
btn 537.5870992561559
6 538.9188933582709
6 540.9181771305985
6 542.91761360279
6 544.9168314436074
5 546.9161211248911
btn 547.6170439794269
5 548.9153091099306
btn 549.7161430813276
6 550.9145963032324
6 552.9139015343999
6 554.9132922899316
4 556.9124485532075
2 605.9115864676196
6 607.9276311492795
5 609.9268178903285
5 611.9260742948591
btn 612.5769647745356
6 613.925361799159
6 615.9255312928981
6 617.9240151791746
6 619.9233107694145
6 621.9224996874473
6 623.9217791058072
5 625.921066299109
6 627.9203478944519
6 629.9197520228845
5 631.9190074944217
6 633.9182044983945
6 635.917485471743
4 637.9167138864823
1 686.9158384279935
6 688.931843612947
6 690.9312433874111
5 692.9304945049817
6 694.9297680143854
5 696.9290163329761
6 698.9282484796877
6 700.9275334960057
6 702.926917409588
6 704.9261850100356
6 706.9254781122936
btn 707.4931978585946
6 708.9246838242016
5 710.923953601633
5 712.9232376849577
6 714.9229493901021
6 716.9219165667846
3 718.9210849589699
2 767.9202241173725
6 769.9361932265947
6 771.935438124211
5 773.9347172315729
btn 774.9345169490625
6 775.9340044248747
6 777.9334163282492
5 779.9326565609008
btn 780.6168275250366
6 781.9318918175886
6 783.9311388921888
6 785.9304195545392
5 787.929706747841
btn 788.4997546228251
6 789.9291093212851
6 791.9283582618709
6 793.9276457661708
5 795.9268639179863
btn 796.5947233644474
6 797.9262531185295
4 799.9253484262581
1 848.9244813647074
6 850.9413029185889
5 852.9398782381859
btn 853.4585937679794
6 854.9391405516726
6 856.9384448498467
6 858.9376095100606
6 860.9368920383968
6 862.93617767671
6 864.9355830491331
6 866.9348382096732
5 868.9341204270122
btn 869.3350458939285
5 870.9333171199869
btn 871.5674697041604
6 872.9325959163516
5 874.9318821766601
btn 875.4848547236506
6 876.9312953240251
6 878.9305296477205
3 880.929726029698
EndData 929.9455079183117
