StartData 24.277703829438906
1 114.30594832835641
6 116.3063663092471
5 118.31733457566543
btn 119.21800813445543
6 120.31663234288862
6 122.31591767020427
6 124.31520299751992
6 126.3144873918427
5 128.31377240816073
btn 128.9145107788686
5 130.31306053445587
btn 130.99710958749893
6 132.3123405748106
6 134.31162248115197
6 136.31104682443356
6 138.31025937829054
5 140.3095938432407
btn 141.07793166634428
6 142.30890218438526
6 144.308205549567
3 146.3072156439298
2 195.3063734621942
6 197.32240943591842
6 199.32168107933603
6 201.32109547069194
6 203.32116700015968
6 205.32020601730756
5 207.32025484394444
btn 208.00630392311132
5 209.32031175652128
btn 210.23940695229112
6 211.32035716218343
6 213.32039914687084
6 215.3204482845058
5 217.32049555615413
btn 217.97251309144758
6 219.31039186330509
6 221.3123741625609
5 223.31168405869403
btn 223.86382375387893
6 225.3122740213057
4 227.31148035520891
1 276.3189023150044
6 278.319059679834
6 280.3259529435618
5 282.3251707843797
btn 282.92603915212067
6 284.3245242201888
6 286.3238266523772
5 288.3231222426166
btn 288.90832969984376
6 290.3223963740156
6 292.3216897872712
6 294.3209729376031
6 296.32027288181007
6 298.319574070008
5 300.33561128772317
btn 300.85398751904086
5 302.3356106657279
btn 303.12059899398446
6 304.3346260470512
6 306.3346674097438
3 308.3346310230145
1 357.33387623162844
6 359.33401244861534
6 361.33401493659676
6 363.33408242309497
5 365.3341113458796
btn 365.93618762863616
6 367.33419376026677
6 369.35020672016253
5 371.3503018854544
btn 372.0023159997736
6 373.35030437343585
6 375.3503768358969
6 377.35041944258
5 379.35046982420545
btn 380.03549385499673
6 381.3505152298676
5 383.349566686923
btn 384.13560960833547
6 385.3496148915642
6 387.33764894456726
3 389.33685061350525
2 438.3360031448087
6 440.35201672669973
6 442.35127655220504
5 444.35059018031006
btn 445.0024515947648
5 446.3498895025218
btn 447.2016151353864
6 448.3491717198608
5 450.34845611418314
btn 451.0002180093784
6 452.3482262868929
6 454.3482639176127
6 456.3483093232753
6 458.34840137859055
6 460.3448855497413
5 462.3440828647117
btn 463.0948362566078
6 464.3433171884067
6 466.34260158272946
6 468.34187447013755
4 470.34108920097833
2 519.3468227543322
6 521.3563504794652
6 523.3555151396781
6 525.3547979790123
6 527.3540848613166
6 529.3533670786555
5 531.3527183374808
5 533.3519787849818
btn 534.1027212919589
6 535.3513088959644
6 537.3505904913077
6 539.3498820385771
5 541.3491589689556
5 543.3484813049959
btn 543.9502957277004
6 545.3477513934249
6 547.3470420077015
6 549.3629719312148
4 551.3625371564485
1 600.3617860970348
6 602.3619157830703
6 604.3619356869222
6 606.3619726956472
6 608.3620218332817
5 610.3620778128652
btn 611.1301640388397
6 612.3621313044673
6 614.3781747421363
5 616.3782220137846
btn 617.0802072364186
6 618.3782848353171
6 620.3783355279402
6 622.3783728476628
5 624.3784381571768
btn 625.0135308873573
6 626.3784779648809
5 628.3775340869015
btn 629.0135554561743
6 630.3775984634226
3 632.3775337759039
2 681.3767615686475
6 683.3816569832352
6 685.3809248946804
6 687.3801921841305
6 689.379493683326
5 691.3788116653986
btn 691.9139988766765
5 693.378090772761
btn 694.1631751993027
6 695.3773465552963
6 697.393283009761
5 699.4015253814541
btn 700.1445461268659
6 701.3932892297148
6 703.3933405443331
6 705.3934049208542
6 707.3924461149859
5 709.3924921426433
btn 710.0444903960802
6 711.3925335053359
4 713.3924918316457
2 762.3865312499806
6 764.4025361239364
6 766.4018055903698
6 768.4010902956902
6 770.400374690013
5 772.3996565963544
btn 773.1837669781412
6 774.3989409906767
6 776.3982288059742
5 778.3975079133361
btn 778.9483551021349
6 780.396841756291
5 782.3961653363222
btn 783.3811845777491
6 784.3954475536611
6 786.3947394119282
btn 787.1964905155037
6 788.39402660523
5 790.3933389893446
6 792.3925972598613
4 794.391802349774
1 843.3909663879917
6 845.406991787795
6 847.4068698767019
5 849.4069376741977
6 851.4059465245696
6 853.4059916192341
btn 854.0250530406556
6 855.4060830525541
6 857.4060917604893
5 859.4061480510709
6 861.4062027866635
6 863.4062335754347
btn 863.908308552001
6 865.4063430466203
6 867.4063654384536
5 869.40640089219
5 871.4064251500095
6 873.4054937119377
3 875.40540601059
EndData 924.4216273389357
