StartData 39.55079058721958
2 129.57247801090853
6 131.58869933925416
6 133.58793304095389
5 135.58057545767997
btn 136.20478171383365
6 137.58634073279745
6 139.58563383505543
5 141.58491294241776
btn 142.50220372960848
6 143.58421039864288
6 145.58348235305812
6 147.58276114942237
5 149.58204523274753
btn 150.09951583880138
6 151.58133273704698
6 153.5806183753607
5 155.5799009036973
btn 156.612897447269
6 157.57918125504966
6 159.57846471637959
4 161.57758117195135
1 210.57671566538875
6 212.5927199173493
6 214.59198938378313
6 216.59131358580953
btn 217.19214992078878
5 218.59055941641918
btn 219.37465673630322
6 220.58983945677392
5 222.58912633907812
6 224.5884042024495
6 226.5876932617375
6 228.58696086218515
5 230.58624028054464
6 232.585526229856
6 234.58480969118546
5 236.58409470750348
6 238.58338874275478
6 240.58266318515143
btn 241.78239025358153
3 242.58190590578397
1 291.58522705008136
6 293.5853943668367
6 295.60039751724344
6 297.6004407459218
5 299.5994974899377
btn 300.16751828199904
6 301.59854490402313
6 303.5976100449766
6 305.59663942119596
5 307.5956868352814
btn 308.2477046815725
6 309.5957468578349
6 311.594805467837
6 313.5938382650311
5 315.59285209136624
btn 316.2602904469595
6 317.5919856518108
5 319.5909717993518
btn 320.24300084155993
6 321.5910339988891
3 323.589984381696
2 372.58720188539246
6 374.6033367563814
6 376.6024469919994
5 378.60142754158187
btn 379.2194828854863
6 380.60046344875263
6 382.59950402088907
6 384.59955844548404
6 386.5986291843965
5 388.5976514076692
btn 389.2660992617539
6 390.5967389404559
5 392.5957636517096
btn 393.2809347844068
6 394.594825993684
6 396.5938432409939
5 398.5939129044755
btn 399.27896430306373
6 400.59293699373484
6 402.5920086656397
4 404.59096557939847
2 453.5897669943133
6 455.6057942601019
6 457.6050752334504
5 459.60433972392093
6 461.60362909420655
6 463.60291970848357
btn 464.602830763145
6 465.6022174757063
6 467.6014978270596
6 469.6007371267169
5 471.60002867398634
5 473.599337326129
btn 474.28452587469656
6 475.5986204764613
6 477.59789865082985
5 479.59716003132326
6 481.59644442564604
6 483.59575245579344
4 485.5949438618072
1 534.5940830202107
6 536.6100033027951
6 538.6093586045909
6 540.6086501518603
5 542.6079376561602
btn 543.2426456822013
6 544.607222050482
5 546.6065076887962
btn 547.3408519097438
6 548.6058063890123
6 550.6050674585085
6 552.6043465658704
6 554.6036393571303
6 556.6029327703864
5 558.6021614961228
btn 559.1029974579051
5 560.601485076154
btn 561.3022253750478
6 562.6007209548379
6 564.6000100141255
3 566.599187114246
2 615.5983928261539
6 617.6143295916163
6 619.6135953260782
6 621.6128731894496
6 623.6121641147238
5 625.611441356099
btn 626.1957861057426
6 627.610723573438
6 629.6100116997331
6 631.6092942280693
6 633.6085714694455
5 635.6078595957406
btn 636.4086469174845
5 637.607148344031
btn 638.6069415305692
6 639.6064268293976
5 641.6057109127223
6 643.6050065029613
6 645.6042778353813
4 647.6035003411644
1 696.6026146197528
6 698.6186384645671
6 700.6179104189823
6 702.6172050762289
6 704.6164754756555
btn 705.2173273605194
6 706.6157595589802
6 708.6150445752983
5 710.6143280366277
5 712.6136124309505
6 714.6128955812828
btn 715.1637866207548
6 716.6121805976009
5 718.6114643699284
6 720.6107475202598
6 722.6100334695711
5 724.6093169309006
6 726.6086003922301
3 728.6078194770389
2 777.6110557189677
6 779.6272095608156
6 781.6262041052942
6 783.6252711122333
6 785.6243291002402
btn 786.0594189070425
6 787.6233727823528
btn 788.558429312403
5 789.6224065125407
6 791.6224690230756
5 793.621522968112
5 795.6173580870909
btn 796.1860829779152
6 797.6196286812019
6 799.6186596124098
6 801.61771573443
6 803.6167665694902
5 805.6167917603025
6 807.615857212254
4 809.6148122600262
1 858.6120272757407
6 860.6281490848269
5 862.6271672651301
btn 863.1462920678796
6 864.626222765155
6 866.6252910160856
6 868.6253267808197
5 870.6243844578285
btn 871.2094146463742
6 872.6234203649992
6 874.6224792859994
6 876.6216492331732
6 878.6209311395141
6 880.6206111228948
5 882.6196855937787
btn 883.3547081006809
5 884.6188088912995
btn 885.2539460941489
6 886.6180690278024
6 888.6173702160004
3 890.6165404741723
EndData 939.6323012149433
