StartData 344.954564835527
2 434.9808872132562
6 436.99717208137736
6 438.99636254960205
6 440.9956497387029
btn 441.56405579461716
6 442.99495714274235
5 444.9942461978644
5 446.9935402289266
btn 447.5619431748055
6 448.99282244197093
6 450.9921497500036
6 452.9914276091149
6 454.9907129321946
btn 455.8756437301636
6 456.98998954729177
6 458.9892860663822
6 460.98859471443575
6 462.9878878125455
6 464.9872014365392
btn 465.2390115315793
4 466.9862500890158
1 515.985694643925
6 518.0017061433755
6 520.0009824475273
5 522.0003116215812
btn 522.8186997172888
5 523.9995636676904
btn 524.6347534505185
6 525.9988632968161
6 527.9981797197834
6 529.9974382969085
6 531.9967696479289
6 533.9960742529947
6 535.9953794800676
6 537.9946601381525
6 539.9939376863185
6 541.9932270523859
6 543.9925503174309
5 545.9918483914807
btn 546.6438007376855
3 547.9910441467073
1 596.9904809265863
6 599.0065148180583
6 601.0058135141153
6 603.0050823542988
5 605.0043689213926
btn 605.739586725249
6 607.0036747703562
6 609.0029716005083
6 611.0022702965653
5 613.0015590406256
btn 613.5867565828376
6 615.0008387657581
6 617.0001567438012
6 618.9994408228667
5 620.9987454279326
btn 621.7005497538485
6 622.9980431910371
5 624.9973369110376
btn 625.64917325438
6 626.9966178801842
3 628.9958130134037
2 677.9952491712756
6 680.0112948807655
6 682.0105453719152
6 684.0098705029814
btn 684.7451029237127
6 686.0091492950451
6 688.0084626080934
6 690.007758194115
5 692.007060311269
btn 692.6588798606535
5 694.0063366153045
btn 694.9080781815574
6 696.0056465073721
6 698.0049218784552
btn 698.9400106797693
6 700.0042267945828
6 702.0035394856241
6 704.0028263636632
btn 704.8546049232827
6 706.0020843187813
5 708.0014162918087
4 710.0006145350635
2 759.0000314109493
6 761.0160699674161
6 763.0153611995047
5 765.0146552305669
6 767.0139262477169
6 769.0132140588248
btn 769.6984060341492
6 771.0124872529414
6 773.0118413069285
6 775.011124763987
5 777.0104327900335
5 779.0097162472084
btn 779.5282939592144
6 781.0090155652724
6 783.0082884483272
5 785.00758590037
6 787.0068933045259
6 789.0062007085653
4 791.005373760825
1 840.0048173826654
6 842.0208764651325
6 844.0201409512665
6 846.0194101023953
5 848.0187066213693
btn 848.6205774701666
6 850.0179997194791
5 852.0173130325275
btn 852.7524673924781
6 854.0165902696317
6 856.0159001616994
6 858.0151935707545
6 860.0144953768468
6 862.0137620399473
5 864.0130896590417
btn 864.631663981243
5 866.012391465134
btn 866.4976819651201
6 868.0116792761255
6 870.0109562022844
3 872.0101575554581
2 921.0095881153829
6 923.025611743913
5 925.0249135498889
6 927.0242153559811
6 929.0235152960522
6 931.0228136811638
btn 931.7246117871255
6 933.0221067792736
5 935.021402676357
6 937.0206864443608
6 939.0199695904739
6 941.0192788605345
btn 942.1524009630084
6 943.0185539206723
btn 944.3849794693524
6 945.0178796736291
6 947.01717463776
btn 948.0021574037382
6 949.0164730228717
6 951.0157390639652
4 953.0149649861269
1 1002.0143616470741
6 1004.0304132655729
6 1006.0297016985714
6 1008.0290069256444
5 1010.0283242816804
btn 1010.579316852265
6 1012.0276092938147
6 1014.0269033248769
6 1016.0261805619812
6 1018.0254736600909
5 1020.0247726670932
btn 1020.526659967727
6 1022.0240707412595
6 1024.023365705274
6 1026.022663779324
6 1028.021942571504
6 1030.0212182535324
6 1032.0205278346548
3 1034.0197447378887
2 1083.0191724987235
6 1085.0352300261147
6 1087.034489847254
6 1089.0337879213039
6 1091.0331046554493
btn 1091.7348943643738
6 1093.0323859355412
btn 1093.9674420817755
5 1095.0316669045715
6 1097.0309547156794
5 1099.0302484357962
5 1101.0295689018676
btn 1101.4481307218084
6 1103.0288607558468
6 1105.028139548027
6 1107.0274516170612
6 1109.0267506241798
5 1111.0260499422438
6 1113.0253327772953
4 1115.0245185805252
1 1164.023966556415
6 1166.0399908068357
5 1168.0392941678874
btn 1168.6744251718046
6 1170.0385869550519
6 1172.0378812970594
6 1174.0371778161498
5 1176.0364740242949
btn 1176.638322792016
6 1178.0357702323236
6 1180.0350683063734
6 1182.0343638925115
6 1184.033654502593
6 1186.0329535095952
5 1188.0322223497787
btn 1188.6673536646413
5 1190.0315406387672
btn 1190.682574914419
6 1192.0307914409786
6 1194.030126523925
3 1196.0293306761887
EndData 1245.0453810506733
