StartData 39.221411757403985
1 129.2432392591145
6 131.2594336263137
5 133.25863560149446
btn 133.82901463843882
6 135.25921281671617
6 137.2574068424292
6 139.25671766744927
6 141.25600796658546
5 143.25529173470568
btn 143.79034029261675
5 145.25458483269904
btn 145.92201749118976
6 147.2537208760623
6 149.25301677314565
6 151.25231422518846
6 153.25171119708102
5 155.2509063304169
btn 155.86832715536002
6 157.25020347139798
6 159.24949843552895
3 161.2486285698833
2 210.24804979970213
6 212.26406751922332
5 214.25031480926555
6 216.26264220837038
6 218.26193810545374
6 220.26158356608357
6 222.2606577205006
6 224.25992718257476
btn 225.2931098988047
6 226.25921872560866
6 228.25852457468864
6 230.2578254478285
6 232.2571051728446
btn 232.82453251327388
6 234.25630217208527
5 236.2555977582233
5 238.2548980092397
btn 238.78910811245441
6 240.254193284316
4 242.2534192064777
1 291.2528370154323
6 293.26885628991295
6 295.2681372590596
5 297.2674316010671
btn 297.85163612186443
6 299.2667293641716
6 301.26602774928324
5 303.26615650299937
btn 303.8011957309209
6 305.2647423881572
6 307.26404139527585
6 309.26331147935707
6 311.2625983575126
6 313.2618839915376
5 315.26111488975585
btn 315.7286637998186
5 317.26038715092
btn 317.8946091030957
6 319.2596824259963
6 321.2589826770127
3 323.2582104651956
1 372.2577137988992
6 374.27365159161855
6 376.2729288287228
6 378.2722225487232
5 380.2715206228895
btn 380.7224913922837
6 382.27081745292526
6 384.2701080630068
5 386.26940893603023
btn 386.8057049131021
6 388.26878662605304
6 390.26810771401506
6 392.2673945921706
5 394.2666752502555
btn 394.8677437201841
6 396.2659873192897
5 398.2652785513783
btn 398.6995523783844
6 400.26447337365244
6 402.2637702036882
3 404.2630001688376
2 453.26250350265764
6 455.27272636804264
6 457.277720398386
6 459.2770144294482
btn 459.7779737075325
6 461.27631063747685
6 463.27560902258847
6 465.2749077186454
btn 466.7245268841507
6 467.2741998838028
6 469.2734845848754
6 471.2741998838028
6 473.2722586246673
6 475.2715125367977
6 477.2707617840497
btn 477.88931122620124
6 479.2700583030237
6 481.2693644631654
6 483.2686454321956
4 485.2678623354295
2 534.2672844983172
6 536.2833442027913
6 538.282598425867
6 540.2818190611433
6 542.2810975421453
6 544.2803949943045
5 546.279689336312
5 548.2789821234765
btn 549.1464198201429
6 550.2782820635475
6 552.2775779606309
6 554.2768738577142
5 556.2767755817622
5 558.2756006255513
btn 558.8274447128642
6 560.2748921687016
6 562.2741513678338
6 564.2734463318484
4 566.2726470631314
1 615.2720950390212
6 617.2881189784966
6 619.2873871965567
6 621.2866778066382
6 623.2859901867341
5 625.2851859419607
btn 625.8027544606011
6 627.2844756190898
6 629.2837764921132
5 631.283049375168
btn 631.8339732148452
6 633.2823661093134
6 635.2816579632927
6 637.2809572813567
5 639.2812713909661
btn 639.8163193268701
6 641.2796747193206
5 643.278953822446
btn 643.7808293050621
6 645.2782431885134
3 647.2774349007523
2 696.2769447655883
6 698.2929357391549
5 700.2922191962134
6 702.2914774622768
6 704.2907795794308
6 706.2900645914488
btn 707.373061967548
6 708.2892619017512
6 710.2885624638293
6 712.2878536959179
6 714.2871492819395
btn 714.8880429702112
6 716.2864831209881
6 718.2857420090586
6 720.2850366621278
6 722.2843319372041
6 724.2838554859627
btn 725.0689330445603
6 726.2830260501942
4 728.2822199395159
2 777.2815649744589
6 779.2825691920007
6 781.296996459947
6 783.2962817830266
6 785.2955518671079
6 787.294835013221
btn 788.4280525925569
6 789.2941365082515
5 791.2934392472962
5 793.2927351443795
btn 793.8771265759133
6 795.2919346316485
6 797.2912383036455
btn 797.8754509104183
6 799.290507143829
5 801.2898145478684
6 803.2891126219183
6 805.2884128730511
btn 806.1225123537006
6 807.2877059710445
4 809.2872926527634
1 858.2863549891626
6 860.3023714646697
6 862.3016546107829
6 864.3020949860802
6 866.3003509007394
5 868.2996436877875
btn 868.8682394534117
6 870.298924034927
6 872.2982295730617
6 874.2975052550901
6 876.2967178042745
5 878.2960165003315
btn 879.2467647496378
6 880.2953158185119
6 882.2945896345191
6 884.2938989045797
6 886.2931829837617
6 888.2924748378573
3 890.2917079129256
EndData 939.3077837893507
