StartData 38.12291385408025
2 128.15307614288758
6 130.15349910233635
6 132.1543531069765
6 134.1554683513241
btn 134.80739986046683
5 136.15552899613976
6 138.15951258910354
6 140.15889618801884
6 142.15821416606195
5 144.1587733431952
5 146.15984100464266
btn 146.79472414182965
6 148.1598991615465
6 150.1609528278932
6 152.16201302525587
6 154.16207926813513
btn 155.06498241762165
5 156.163141331519
btn 157.26324399246369
6 158.16418939991854
4 160.16822897281963
1 209.16765300161205
6 211.18375189206563
6 213.18299865117297
5 215.18376277701464
btn 215.71982301631942
5 217.16782467334997
btn 217.71986997732893
6 219.16886900982354
6 221.168948003673
6 223.1699879860971
6 225.17104973841924
6 227.17112935427576
6 229.17223091470078
6 231.1766443088418
6 233.1759408279322
6 235.17527280095965
6 237.17543607577682
6 239.1754948546877
3 241.17643531726208
2 290.1769727243809
6 292.1781283986056
6 294.1791652709944
5 296.17924613086507
6 298.18027896038257
6 300.1803352512652
6 302.18497038818896
5 304.1842880551703
6 306.18357679934707
6 308.1835565842921
btn 308.669629870099
6 310.18464197264984
5 312.18469981860835
6 314.1857755659148
6 316.18682363431435
5 318.1793080198113
6 320.178505641059
4 322.177738405182
1 371.1894211024046
6 373.19327625248116
6 375.19259298651014
6 377.19186804664787
6 379.19275097432546
6 381.19276683521457
5 383.1938469365705
btn 384.01288502127863
6 385.194912420935
6 387.1949674679199
5 389.1960254883161
btn 389.84836813877337
5 391.1961274960777
btn 391.59911570395343
6 393.1971516174963
6 395.2021562218433
5 397.20144869794603
btn 397.90335036674514
6 399.20078720198944
6 401.20037574961316
3 403.200356467627
1 452.20187632227316
6 454.20203088910785
5 456.20304443652276
btn 456.65508939838037
6 458.20411054289434
6 460.2041680777911
6 462.20523573923856
6 464.2062946925871
6 466.2104595982237
5 468.20975394023117
btn 468.74499096383806
5 470.2090818702709
btn 470.92762108065654
6 472.20854042016435
6 474.2095804025885
6 476.20968427637126
6 478.2107242587954
6 480.2117670401931
6 482.21183950302657
3 484.2128060895484
2 533.2133242147975
6 535.2194872923428
6 537.2187573765405
6 539.2180542065762
6 541.217386490549
6 543.2176912701689
btn 543.8197117096279
6 545.2177354320884
btn 546.0538206447382
5 547.2188080694759
6 549.2198794627329
6 551.219922069693
6 553.2209670281736
6 555.2220480624819
btn 555.9401381894713
6 557.2284219977446
btn 558.2282111400273
6 559.2276743549155
6 561.2269668309018
6 563.2262950720033
4 565.225471856189
2 614.2257701047929
6 616.2269145830069
5 618.2269329320407
5 620.2394040129147
btn 620.7569632015657
6 622.2387005320052
6 624.2379933190532
6 626.237300101202
6 628.2366837001173
6 630.2359830181813
6 632.2352692742134
5 634.2346009362955
6 636.2338635564083
6 638.2345598842949
5 640.2356182157528
6 642.2356819706038
6 644.2367396800546
4 646.2376966255251
1 695.2382041767705
6 697.2383649635594
6 699.2394033909077
6 701.2442963464418
6 703.2435822915286
6 705.2429095995612
6 707.2426160160685
6 709.2426906558685
6 711.2437576953089
6 713.2448293996276
5 715.2448906665668
btn 715.7809779628878
6 717.2459521079436
6 719.2470104392851
6 721.247069840203
6 723.2481144876219
6 725.2524924279423
3 727.2516825851053
2 776.2511629050132
6 778.2678377664415
6 780.2518682518275
6 782.2519158348441
btn 782.8880075162742
6 784.2529772762209
6 786.2540402725572
6 788.254097807454
btn 789.0401621676283
6 790.2551583158784
6 792.2562213122146
5 794.2562791581731
5 796.2608035792364
btn 796.7627459267387
6 798.2601209352724
6 800.2594112342922
6 802.2595238161739
6 804.2605606885627
btn 805.0956242678221
6 806.2606213334948
4 808.2616196420277
1 857.2621247052448
6 859.2718456173316
5 861.2711228544358
btn 861.8553276861785
6 863.270508008427
6 865.2698154124664
6 867.2691078885691
6 869.2684308425523
6 871.2676975056529
6 873.2677037257235
6 875.2687281580875
5 877.2697846235242
btn 877.8389069113182
5 879.2698294074507
btn 879.7229299016763
6 881.2709110637661
5 883.2719697061693
btn 883.7740610224428
6 885.2720359490486
6 887.2730917924782
3 889.2779343660222
EndData 938.2939564394765
