StartData 66.2678047730733
2 156.2836305123492
6 158.29994420701405
6 160.29909891530406
6 162.29837118071737
6 164.29764064714254
5 166.28628892058623
btn 166.69795375961985
5 168.29622778465273
btn 169.77911824692274
6 170.2955479437078
6 172.29481025719724
6 174.29408221162157
6 176.29337593587115
6 178.29264509130735
6 180.2919294856256
6 182.29121356895484
6 184.29048707835318
6 186.2897649417282
4 188.28877690207446
1 237.2879763940291
6 239.30397909099702
6 241.30323207455513
5 243.3025360617321
btn 243.83786944192252
5 245.30181237011857
btn 246.0537086785189
6 247.30109987441392
6 249.30035596794914
6 251.29964969219873
6 253.2989343975205
6 255.2982194138458
6 257.2975215350307
btn 258.049362796839
6 259.2967981544207
6 261.2960794387618
6 263.29536383308005
6 265.29464760540577
5 267.293944439647
btn 267.94581456203014
3 269.2931336686743
1 318.292241416304
6 320.3082770790352
6 322.3075524544256
6 324.30681227993045
5 326.306117822096
btn 326.8581045064202
6 328.3054015944217
6 330.3046897207241
6 332.3039722490503
5 334.30325664338307
btn 334.9385387711518
6 336.3025254878157
6 338.30182014506136
6 340.30108743450546
5 342.3003845797357
btn 343.0355967952346
6 344.2996618211182
5 346.29893470852403
btn 346.99997138821345
6 348.2983049382019
3 350.29743227870495
2 399.2965533992392
6 401.31260087987175
6 403.31185666240344
6 405.3111463436944
btn 405.8464408491709
6 407.3103887533216
6 409.30971513234545
6 411.30900699060294
5 413.30827583505015
5 415.30755152142956
6 417.30684711167123
6 419.3061389699433
btn 419.9246928431385
6 421.3054131013341
6 423.3046779028082
6 425.30396012014535
btn 425.9225454041007
6 427.3032473134517
5 429.3025522336102
4 431.3017887343012
2 480.30086382717127
6 482.316901977887
6 484.3161655353615
5 486.3154489966837
6 488.31474458692537
6 490.3140243162925
btn 491.1491731504502
6 492.31329253873264
6 494.31264441955136
6 496.3118594613916
5 498.31115505163325
5 500.310439756955
6 502.30970735740266
6 504.30900667961396
5 506.30829076292866
6 508.3075745352544
6 510.30685550860653
4 512.3060534455726
1 561.3051649251865
6 563.3212030758878
6 565.3204756523046
6 567.3197746635124
5 569.3190459959296
btn 570.3041507617309
6 571.3183107974037
5 573.3176132295921
btn 573.9861783298111
6 575.3168988679099
6 577.3161835732317
6 579.3154611256032
6 581.3147290370398
6 583.3140383111895
5 585.3133062226261
btn 586.0319024537166
5 587.3125532972335
btn 588.2304940695903
6 589.3118610163801
6 591.311150075664
3 593.3103641845082
2 642.3095083188819
6 644.3255340296746
5 646.3292771978304
6 648.3240648766077
6 650.3233442949713
6 652.3226290002785
btn 652.8079716793
6 654.3219270785048
5 656.32122297975
6 658.3204759632936
6 660.3197805724776
6 662.3190668327879
btn 662.8210584619665
6 664.3183384761942
btn 665.6014679712825
6 666.3176290904812
6 668.3169190827612
btn 669.0354338324396
6 670.3161969461216
6 672.3154925363633
4 674.3146680814971
1 723.3138212347985
6 725.329826419751
6 727.3290974411793
6 729.3283927204175
5 731.3276836456935
6 733.3269857668784
6 735.3262213345588
6 737.3255383836513
6 739.324822155977
5 741.3240997083485
6 743.3233722847508
6 745.3226787599124
6 747.3219227245427
6 749.3212407066167
6 751.3205291439081
6 753.3198160262109
3 755.3189981022879
2 804.3181369497033
6 806.334147732603
6 808.3334097351035
6 810.3326969283953
6 812.3319931406295
btn 813.3004110145412
6 814.3312507891533
btn 814.9665335389291
5 816.330561618277
btn 817.2490973292151
6 818.3298481895908
5 820.3291419138404
5 822.3284144902573
btn 822.7971097740956
6 824.3276963965909
6 826.3269811019127
6 828.3262667402305
6 830.3255026189145
5 832.3248240219546
6 834.3241158802266
4 836.3233178601658
1 885.3224560855742
6 887.3285500852508
5 889.3447409358196
btn 889.8231101137062
6 891.3370313031628
6 893.3363184964692
6 895.3355982258217
5 897.3348720462236
btn 897.9867742013739
6 899.3341551965568
6 901.3334520307835
6 903.3326981723949
6 905.3319953176251
6 907.3313024147792
5 909.3305759241775
btn 909.7159138760326
5 911.3298640504654
btn 912.18166774376
6 913.3291555977339
6 915.32843563809
3 917.3276348190557
EndData 966.3433737899904
