StartData 51.1640263999725
2 141.1845189705491
6 143.18590570923698
6 145.1858080559614
6 147.18686140513455
btn 147.58881627439405
5 149.18791040033102
6 151.18795798296924
6 153.1951193267014
6 155.19454242600477
5 157.1938243323384
5 159.1931472903816
btn 159.5950129033008
6 161.19241551282175
6 163.19323343673022
6 165.1932984352461
6 167.19017943945073
btn 167.70768301126373
5 169.18937551042472
6 171.18865772777644
4 173.18778009229572
1 222.19749317204696
6 224.2030307968671
6 226.20226760853257
5 228.20158216964046
btn 228.85349023374147
5 230.20087402789795
btn 230.66982401885616
6 232.2017644142761
6 234.2018343887612
6 236.20286379109893
6 238.20391278630996
6 240.20393766611232
6 242.20502024906455
6 244.20605804835213
6 246.20610780797142
6 248.21106200112263
6 250.21034390747081
6 252.20966655451048
3 254.2091963260027
2 303.21042165688414
6 305.211576080299
6 307.21259179874323
5 309.21268727503775
6 311.2137113904173
6 313.2147420367546
6 315.2147871314228
5 317.21967508205853
6 319.21896258636843
6 321.2182712385111
btn 321.6701937951002
6 323.2179776566918
5 325.21903193884646
6 327.22007937905437
6 329.2201254067186
5 331.2211781338847
6 333.2222233971115
4 335.22218390040507
1 384.2234092312865
6 386.22831490880344
6 388.2276220059575
6 390.2268849414395
6 392.2266513821669
6 394.22771001829824
5 396.22875932449824
btn 396.63085600870545
6 398.22880752912897
6 400.2298359984852
5 402.2309123614832
btn 403.05002180094016
5 404.2309639870946
btn 405.10006879270077
6 406.2320008533861
6 408.23707571363775
5 410.23635140001716
6 412.2356594301673
6 414.23521252650244
3 416.23515996788046
1 465.23738640033116
6 467.2491906285286
5 469.24846133895335
btn 469.76605105711496
6 471.24773951331736
6 473.2470239076356
6 475.24641124220216
6 477.245685373593
6 479.2449787868536
5 481.2442753100913
btn 481.81303347766516
5 483.2438476882671
btn 484.47815645547234
6 485.24492498426116
6 487.2449949587317
6 489.24603244701575
6 491.2470718012919
6 493.24712498189183
6 495.2481574942067
3 497.2491365149326
2 546.2503717977379
6 548.2536142596218
6 550.2529123378481
6 552.2525335426617
6 554.2536083506711
6 556.2536522013397
btn 557.8549369949906
6 558.2547266983456
5 560.2557931094198
6 562.2558238981874
6 564.256851123544
6 566.257898252763
6 568.2579439694236
btn 568.6984093712381
6 570.2623641795362
btn 571.1137797477131
6 572.2616824726138
6 574.2609771298594
6 576.2611388486548
4 578.2621169363847
2 627.263324851403
6 629.2644515960128
5 631.2644469310471
5 633.2655397769267
btn 633.8176679651951
6 635.2666021450132
6 637.2717074830434
6 639.2709921883652
6 641.2703064384696
6 643.2695954977535
6 645.2698091531638
5 647.2681624204124
6 649.2719170954806
6 651.2719634341483
5 653.2730149173149
6 655.2740334347473
6 657.27409439029
4 659.2750690570392
1 708.2795464907394
6 710.2955718905432
6 712.2948450889526
6 714.2954966291
6 716.2965462462889
6 718.280596729921
6 720.2806443125737
6 722.2817035706976
6 724.2827671827836
6 726.2827957945701
5 728.2838413688005
btn 729.0410243268707
6 730.288382557017
6 732.2876849892054
6 734.2869728045043
6 736.2870312720624
6 738.2870844526769
3 740.2880513444834
2 789.2892720103991
6 791.2904049749777
6 793.2914458842279
6 795.2914813379612
btn 796.0276091306441
6 797.2925216252333
6 799.2970074558689
6 801.2962937161792
btn 801.7482843812613
6 803.2955924163834
6 805.2957308103651
5 807.2957874119456
5 809.296805307371
btn 809.6830594584026
6 811.2978788713808
6 813.2989092067146
6 815.2989561673749
6 817.3000014306017
btn 817.7021522284049
6 819.3010578897374
4 821.3010121730767
1 870.3048452195653
6 872.3208858582511
5 874.3213965164614
btn 874.7395512552175
6 876.3054404691356
6 878.305489917766
6 880.3065124781715
6 882.3075882191624
6 884.3076364238077
6 886.315892479397
6 888.3151255591074
5 890.3144055994635
btn 890.9496491635218
5 892.3136952807399
btn 893.0989560429734
6 894.3129594602069
5 896.3122877052083
btn 896.8650621466804
6 898.3129812300467
6 900.3140395551745
3 902.3139733126736
EndData 951.3321856482071
