StartData 47.103574047621805
1 137.11567683359317
6 139.1317896237597
5 141.1310139955167
btn 141.798415964382
6 143.13028097397182
6 145.12956474629755
6 147.12899188855954
6 149.12828094784345
5 151.12759924092097
btn 151.64603518378863
5 153.1268553344562
btn 153.86187877434713
6 155.12679593390203
6 157.12787447386654
6 159.1279111715994
6 161.1289638987655
5 163.12900463947153
btn 163.9649822824722
6 165.130080691466
6 167.13010805925296
3 169.13090950029436
2 218.1281422428874
6 220.1292720974743
5 222.1302753760101
6 224.13453822130396
6 226.13385340440436
6 228.1331922233221
6 230.13251144938113
btn 231.1015948583372
6 232.13252420029312
6 234.13358034843986
6 236.1336360170244
6 238.13464924748405
6 240.13472264293523
btn 241.30200207870803
6 242.13576697316603
5 244.13682218831673
btn 245.02194555177994
5 246.13687381394266
6 248.13795919586846
4 250.14180779224262
1 299.13610907061957
6 301.14028545856127
6 303.1395947326964
5 305.13887601703755
btn 305.707473398812
6 307.13834638799017
6 309.13840392255224
5 311.1394560277258
btn 311.6915577812033
6 313.1404798321164
6 315.1405510505865
6 317.14158480690094
6 319.15040905526257
6 321.14969500456937
5 323.14897193494835
btn 323.5666004656232
5 325.1483462075994
btn 326.0661488969927
6 327.1476306019322
6 329.14694360803696
3 331.1461297270871
1 380.14523934070894
6 382.1613082801923
6 384.16123364074156
6 386.16127904641326
5 388.16232928559475
btn 388.814446340155
6 390.1463956301159
6 392.146453786685
5 394.1474704381253
btn 394.61658556884504
6 396.14753699162975
6 398.1485695039446
6 400.14961414517893
5 402.15405892411945
btn 402.6554814275296
6 404.15338094915205
5 406.1526668984734
btn 406.6379635498306
6 408.15194413984136
6 410.1518601704738
3 412.1527993834752
2 461.1500486089353
6 463.15121391727007
6 465.1522000909463
6 467.15224985056557
btn 467.82136914865987
6 469.1532786309108
btn 469.6884384744044
6 471.15335513635364
6 473.15440008857695
btn 473.6894840486202
6 475.15444767121517
6 477.1554985324037
6 479.159799630419
6 481.15908775670687
6 483.1584066717769
6 485.15767489421705
btn 485.8598013097944
6 487.1577215438738
6 489.1587851559598
6 491.1598325961677
4 493.1597887454991
2 542.158014192697
6 544.1581703135307
6 546.1591567981959
6 548.1591900749481
6 550.1602670599386
6 552.1603152645839
5 554.1613648817729
5 556.1655241648405
btn 556.7007732646452
6 558.1648788446328
6 560.164134938168
6 562.1635583484604
5 564.1646250705235
5 566.1646763851459
btn 566.6668017433258
6 568.1657244473463
6 570.1657757619687
6 572.1668272451498
4 574.1667774855159
1 623.1650010667217
6 625.1661421172321
6 627.1661601551023
6 629.1672523789748
6 631.16722936515
5 633.1712465222663
6 635.1705218976567
6 637.169831793799
5 639.1694246978295
btn 639.8885654858605
6 641.1705128787289
6 643.1715565869672
6 645.171593595689
5 647.1726447678666
btn 647.7247701571614
6 649.1726951494929
5 651.1737394797237
btn 651.8258260565053
6 653.1737870623765
3 655.1747334283427
2 704.1719767448376
6 706.178381120204
5 708.1776913273352
6 710.1769741666649
6 712.1763005456742
6 714.1755572612019
btn 714.6613878955977
6 716.1763282244792
btn 716.7943984962621
6 718.1763521713001
6 720.1774272902985
6 722.1774698969821
btn 722.7466174336587
6 724.178518270186
6 726.1785658528242
6 728.1796136040357
6 730.1796717606048
6 732.1807179568277
btn 733.8187480601628
6 734.1850569965463
4 736.1842807463254
2 785.1833455762826
6 787.199389946938
6 789.1986923791264
6 791.1981521761481
6 793.1991971283715
6 795.1992328931083
btn 795.6682973312127
6 797.2002520325332
5 799.1949740907876
5 801.1942591070983
btn 801.6452010880021
6 803.1935431904276
6 805.1928213647916
btn 806.2425859706564
6 807.1921060701134
5 809.1914840747486
6 811.1907647370972
6 813.1900460214383
btn 813.9752722629346
6 815.1893702234665
4 817.1886763876246
1 866.1876899029594
6 868.1880369763821
6 870.1880547032488
6 872.1891248462925
6 874.1891603000258
5 876.1901925013517
btn 876.659378228549
6 878.190240705997
6 880.1913036960905
6 882.1913438147894
6 884.1923915660009
5 886.1972104751476
btn 886.6657623890642
6 888.1965181942942
6 890.1958066316001
6 892.1950792080024
6 894.1956498887594
6 896.1956968494051
3 898.1966158475698
EndData 947.2108396377735
