StartData 35.87827208451927
2 125.89577565621585
6 127.91217674128711
6 129.91108762728982
6 131.91113023413345
btn 132.36195216979831
5 133.91017236118205
6 135.90911714616232
6 137.9092822857201
6 139.90832565701567
5 141.90737929102033
5 143.90643416903913
btn 144.3922812861856
6 145.90648455056362
6 147.90551610384136
6 149.90458746463992
6 151.90464468835853
btn 152.47247421671636
5 153.90368090639822
6 155.90274355956353
4 157.90248916344717
1 206.89705852186307
6 208.91306277364492
6 210.91234934492968
5 212.91161818942055
btn 213.4957918904256
5 214.910897918744
btn 215.46175661450252
6 216.91018449002877
6 218.90946608548984
6 220.90875141276047
6 222.90803611814044
6 224.9073198903352
6 226.9065859359689
6 228.90588650200516
6 230.9052032402251
6 232.9044506258797
6 234.90373875200748
6 236.9030228354968
3 238.90224098716862
2 287.9013932074886
6 289.9173800435383
6 291.9166523090098
5 293.9159360814374
6 295.915218609618
6 297.9145064249169
6 299.91378895333037
5 301.9130780126434
6 303.91235400992446
6 305.91163684939966
6 307.91092093265615
5 309.9102053269744
6 311.90948816621676
6 313.908775359625
5 315.9184504975565
6 317.9073472581804
4 319.9065635439474
1 368.90577671979554
6 370.92171379644424
6 372.92106692120433
6 374.9202511741314
6 376.91962855681777
6 378.9188218289055
5 380.91819236963056
btn 381.43580665648915
6 382.9174860937055
6 384.91676955507137
5 386.9160555044655
btn 387.48454590304755
5 388.9153268369846
btn 389.50049635232426
6 390.9146109202411
6 392.9139040224254
5 394.91318250773475
btn 395.4141466007568
6 396.91248027514666
6 398.91175160743296
3 400.91092497552745
1 449.91009025787935
6 451.9261184565257
5 453.92541560181417
btn 454.4939193732571
6 455.9247006182559
6 457.92398656741716
6 459.9232690958306
6 461.9225510021206
6 463.92181860259734
5 465.9211241446901
btn 466.40633153985254
5 467.92041818005964
btn 468.5722229927778
6 469.91969137848355
6 471.918963954784
6 473.91822502436116
6 475.9175209256355
6 477.91681589372456
6 479.91612019203603
3 481.9153000910301
2 530.9156238397118
6 532.9317577776965
6 534.9307834219653
6 536.9298056452535
6 538.929873442743
6 540.9289292537142
btn 541.6309169642627
6 542.9279754238669
btn 543.3800656080712
5 544.9280183415394
6 546.9270704204682
6 548.9261169016827
6 550.9251727126539
6 552.9252308693249
btn 553.5431652350817
6 554.9242670873646
btn 555.4255518189166
6 556.9233511991333
6 558.9233704810031
6 560.9224132301752
4 562.9213698329404
2 611.9225942308549
6 613.938733455725
5 615.9377416842617
5 617.9377911328338
btn 618.4058221254963
6 619.936846943805
6 621.9358940469101
6 623.9349315089639
6 625.9350269853603
6 627.9340454766061
6 629.9330736089032
5 631.9331417174544
6 633.9321860214695
6 635.9312349904794
5 637.9312847501133
6 639.9303390062414
6 641.9293836213183
4 643.929336038651
1 692.929564621998
6 694.9298037791159
6 696.9456929620355
6 698.9447727198713
6 700.9438487456646
6 702.9428644380532
6 704.9429166857153
6 706.941962855868
6 708.9410152458586
6 710.9410699813161
5 712.9400987357367
btn 713.8420924795792
6 714.9391315327957
6 716.9391778714489
6 718.9382510983851
6 720.9373106413987
6 722.9373501380906
3 724.936309228884
2 773.9439830966294
6 775.9599851716775
6 777.9592518392019
6 779.9585368554108
btn 780.4427447039634
6 781.957824048819
6 783.9571078210138
6 785.9563891054131
btn 786.4239361858927
6 787.9556787868496
6 789.9549550951924
5 791.9542410443537
5 793.9535254386719
btn 794.4710582443513
6 795.9529049983248
6 797.952088940423
6 799.9514688111376
6 801.9506850969046
btn 802.751555765979
6 803.9500428866595
4 805.9492392686661
1 854.9483855799772
6 856.9644461225253
5 858.9636764032766
btn 859.5321338360664
6 860.9629561326001
6 862.9622538997792
6 864.9615208783653
6 866.9608099376783
6 868.960093709873
6 870.9593818362337
6 872.9586565895006
5 874.9579366298858
btn 875.5755811459385
5 876.9572315982077
btn 877.4923762027174
6 878.9565116385929
5 880.9557882579975
btn 881.4909742251039
6 882.9550707861781
6 884.9543660655618
3 886.9535574715119
EndData 935.9693552209064
