StartData 39.22087553306483
2 129.24076818907633
6 131.25708312774077
6 133.25625494099222
6 135.25551694328897
btn 135.6894961774815
6 137.254775214009
5 139.25408262200654
5 141.2533583084587
btn 141.67068548244424
6 143.25263461680152
6 145.25190999219194
6 147.25120775937103
6 149.2504893548321
btn 149.76796213793568
6 151.24976224219427
6 153.2490575213451
6 155.24819854577072
btn 155.63238487322815
6 157.24761698022485
6 159.24691194831394
4 161.24588472303003
1 210.24507892807014
6 212.26101724850014
6 214.2603877892252
5 216.2596718724817
btn 216.82734030415304
5 218.25894351582974
btn 218.9096557938028
6 220.25822728825733
6 222.25750950560905
6 224.25672454736196
6 226.2559884157963
6 228.25537854945287
6 230.24850487848744
6 232.2538412879221
6 234.2532280003652
6 236.25241163140163
6 238.25169540382922
5 240.25108740339056
btn 240.8184865110088
3 242.2502019929234
1 291.2493395963684
6 293.26533887232654
6 295.2646126926411
6 297.26390206301585
5 299.2631836584769
btn 299.89733313256875
6 301.26246307673864
6 303.26174840400927
6 305.26103217643686
5 307.26033491967246
btn 307.82780959969386
6 309.25959940999746
6 311.25888629234396
6 313.25816446659155
5 315.2574557028711
btn 316.0082268216647
6 317.2567522262689
5 319.2560226256028
btn 319.6902615427971
6 321.2553107519634
3 323.2545354347676
2 372.25366681814194
6 374.2696856870316
6 376.26893960358575
6 378.26821777783334
btn 378.71912461612374
6 380.2675024832133
6 382.2667871885933
6 384.26607282692567
5 386.2653534892015
5 388.2646394385956
btn 388.8821051309351
6 390.26392569881864
6 392.26320978207514
btn 392.7140758796595
6 394.2624929326121
6 396.2617841688916
6 398.26105985511094
btn 398.7786026126705
6 400.2603470485192
5 402.2596264667809
4 404.25884866155684
2 453.25798657606356
6 455.273989894893
6 457.2732618493028
5 459.2725428228732
6 461.2718306379393
6 463.2711125444621
btn 463.72198983770795
6 465.2703969387803
6 467.26968133309856
6 469.2690524957143
5 471.26824949961156
5 473.2675360708963
btn 473.90167839219794
6 475.26681735529564
6 477.2661008166615
5 479.26538738794625
6 481.26467053825036
6 483.26395431067795
4 485.263173395535
1 534.262290783925
6 536.278313384857
6 538.277569167316
6 540.2768743985798
5 542.276144486852
btn 542.8603169438429
6 544.2754179963376
5 546.274718251545
btn 546.7422926998697
6 548.2740032679867
6 550.2732895282097
6 552.2725714344997
6 554.2718552069273
6 556.2711414671503
5 558.2704261725303
btn 558.8379422153812
5 560.2697062129155
btn 560.8205826354679
6 562.2689924731385
6 564.268275001552
3 566.2674772923347
2 615.270825804444
6 617.2869634744711
5 619.2859894298017
btn 619.8710112213157
6 621.2850212939084
6 623.2840509810485
6 625.2841209557373
btn 625.7522032631095
6 627.2831689917948
5 629.2822136068717
6 631.2812753268518
6 633.280309057096
6 635.2803641036153
btn 635.915343941655
6 637.279414627701
btn 637.8974189679138
6 639.2784356069751
6 641.2775082117878
6 643.2765599798877
6 645.2766103614122
4 647.2755666533485
1 696.2737883685622
6 698.28992386139
6 700.2889470176306
6 702.2880006518681
5 704.2870561517775
btn 704.7560698972084
6 706.2860510072205
6 708.286108541768
6 710.285164663801
6 712.2842497087549
5 714.2833017876837
btn 715.1183019650634
6 716.2823663067538
6 718.2823831005953
6 720.2814140317496
6 722.2804773068056
6 724.2795315627009
6 726.278574311873
3 728.2785295282956
2 777.2767947830725
6 779.2929091283586
6 781.2919173566625
6 783.2909672586247
6 785.2900361316279
btn 786.3902563801967
6 787.2890586659778
btn 787.7580531295389
5 789.2891115355305
6 791.2881558395457
5 793.287220047554
5 795.2862568877172
btn 795.8553344500251
6 797.2852940389421
6 799.2853562384844
6 801.2844076955225
6 803.283433961682
5 805.2824723569211
6 807.2815412299242
4 809.281477475306
1 858.279720649356
6 860.2957230352331
5 862.2949788179249
btn 862.796862219926
6 864.2942650781479
6 866.2935591135174
6 868.2928525267635
5 870.2921484280378
btn 870.8439889433794
6 872.2913942586165
6 874.2906963797286
6 876.289989171084
6 878.2892804073635
6 880.2885651125107
5 882.287834579125
btn 882.9896272940096
5 884.2871376331896
btn 884.9222583530936
6 886.2864179846365
6 888.2857039337978
3 890.2848978277761
EndData 939.3006626116112
