StartData 40.998021121835336
1 131.00776374619454
6 133.02404540823773
5 135.0231683945749
6 137.02248730976135
6 139.0217698381748
6 141.02105578733608
6 143.02034235862084
5 145.0196021841839
5 147.0189307401888
6 149.0182145126164
6 151.01747713703662
6 153.0167450485751
6 155.01597750606015
5 157.01533840596676
6 159.0146168912761
6 161.0139068835415
3 163.01293470477685
2 212.01208816911094
6 214.02809148817323
5 216.02733420860022
6 218.02675482002087
6 220.0259443600662
6 222.02521351538599
6 224.0245084837079
6 226.02380345202982
6 228.0230757172685
6 230.02232714602724
6 232.0216525918804
6 234.02091583842412
6 236.02019183593802
5 238.01950173196383
5 240.0187904802151
6 242.01804657373577
4 244.0172398458235
1 293.0164172567893
6 295.0324348816648
6 297.0317068360746
5 299.0309887425974
6 301.0302519889083
6 303.02955131116323
5 305.0288254425395
6 307.02812663069926
6 309.0274007623084
6 311.02669417555444
6 313.0259810576681
6 315.02524368232116
5 317.02454455941916
5 319.0238379726652
6 321.02311459206976
6 323.02238468057476
3 325.02154840761796
1 374.0207550525665
6 376.03676583548076
6 378.0360315700527
6 380.0353125433903
5 382.03457050281577
6 384.0338636052329
6 386.0331259185914
5 388.03244701074436
6 390.03171896515414
6 392.03103103814647
6 394.0303095234558
5 396.0295478901826
6 398.0288636952173
5 400.02814249158837
6 402.02744803391397
6 404.0267147012055
3 406.0258949114941
2 455.0250465096906
6 457.0410893254448
6 459.04035443789326
6 461.03964598523453
6 463.0389310014434
6 465.0381961138919
6 467.0374702452682
6 469.0367770313751
6 471.0360567609314
6 473.035320318304
6 475.0346084446646
6 477.03390434593894
6 479.03320646705106
6 481.03243736969307
6 483.03176965774037
6 485.03104845411144
4 487.0302184012253
2 536.0293951903004
6 538.045405351324
6 540.0446776167955
6 542.0439222033601
6 544.0432221475057
6 546.0425304886885
5 548.0418120839167
5 550.041096478235
6 552.0403814946767
6 554.0396686878521
6 556.0389288244769
5 558.0382352995221
5 560.0375016559847
6 562.0367966243066
6 564.036090970505
6 566.035368522862
4 568.0345378480852
1 617.0336860255338
6 619.0497409701347
6 621.0489989295602
6 623.0482886107638
6 625.0475711391773
5 627.0468598874286
6 629.0461246890482
6 631.0454196571372
5 633.0446934776846
6 635.0440266984515
6 637.0432414293755
6 639.0425659425091
5 641.041843805695
6 643.0411285110749
5 645.0404138383456
6 647.0396755298134
3 649.0388691129629
2 698.0380235102493
6 700.0540691248607
5 702.053292252589
6 704.0526018377859
6 706.0518921411131
6 708.0511731144506
6 710.0504519108217
6 712.0497381710447
6 714.0490318953525
6 716.0482879888732
6 718.0475723831914
6 720.0468785474077
6 722.0461560997646
6 724.0454227670562
6 726.0447136925068
6 728.0440111486241
4 730.0432003776077
2 779.0423308282625
6 781.0583736437839
6 783.0576362682041
6 785.056905112695
6 787.0561907510273
6 789.0554505765904
6 791.0547738457099
5 793.0540224751458
5 795.0533305052668
6 797.0526276505552
6 799.0519129778259
6 801.0511973721441
5 803.0504789676052
6 805.0497462570202
6 807.0490318953525
6 809.0483430353925
4 811.0475213795435
1 860.0466586719267
6 862.0627055305522
6 864.061965667177
6 866.0612453965005
6 868.06053383369
5 870.0598176061176
6 872.0590970243793
6 874.0583615149371
6 876.057646531146
6 878.0569495854434
5 880.0562361567281
6 882.0554953601677
6 884.0547847305425
6 886.0540762778837
6 888.0533373472281
6 890.0526553294621
3 892.0518255876377
EndData 941.0676037441008
