StartData 63.82948113772363
2 153.85001923532036
6 155.85363958078415
6 157.8528586609791
6 159.8536439347772
btn 160.38850278297832
5 161.8526894772367
6 163.8517026757454
6 165.8507970451301
6 167.86688660553045
5 169.86545227572242
5 171.8647805167493
btn 172.46639945587413
6 173.8640630408463
6 175.8633723109033
6 177.8626675859814
6 179.86196503805513
btn 180.2802855224436
5 181.86122517018703
6 183.860508316282
4 185.85954297375793
1 234.85889858274277
6 236.8749138142557
6 238.87419198435964
5 240.8734919244307
btn 241.29106911995405
5 242.8727934194976
btn 243.35698546916865
6 244.8720790535899
6 246.87137619466557
6 248.870670536744
6 250.8712126089158
6 252.87026032837093
6 254.86932826279735
6 256.8684783010958
6 258.8674523136651
6 260.86657498400564
6 262.86586341709517
6 264.86516553416186
3 266.86437061937613
2 315.8637616823071
6 317.87969418794637
6 319.87897795604295
5 321.8782741641189
6 323.87756850619735
6 325.8768622262778
6 327.8761640323446
5 329.875439714453
6 331.87474742951053
6 333.8740439485864
btn 334.324953762145
6 335.8733423336598
5 337.8726354317405
6 339.8719279078214
6 341.8730929120411
5 343.87206008262
6 345.8701318855674
4 347.8691438400783
1 396.86846492811674
6 398.8844820256272
6 400.8837620617269
6 402.88306137979816
6 404.8823526118831
6 406.8816481979593
5 408.8809428510376
btn 409.2318560544918
6 410.88021728914646
6 412.87953309019395
5 414.87882898727
btn 415.2963965418094
5 416.8781323483345
btn 417.5123291096479
6 418.8774210924221
6 420.87670112852356
5 422.8760122645763
btn 423.4102313867552
6 424.87531842463795
6 426.87460063773506
3 428.87383371290707
1 477.8733389126646
6 479.8892776382945
5 481.8885502104058
btn 482.3227748994759
6 483.88784486348413
6 485.88713733956683
6 487.88643541364036
6 489.885738152705
6 491.8850281407922
5 493.8843159518801
btn 494.4518225971624
5 495.88961662777547
btn 496.38080958774117
6 497.8829108560294
6 499.8822067531055
6 501.8815042051792
6 503.88079637026203
6 505.8800935113359
6 507.8793875424162
3 509.8786227945857
2 558.8780424694723
6 560.8940527249924
6 562.8933427130778
6 564.8927356420063
6 566.8919391722247
6 568.8912360023005
btn 569.4420612550875
6 570.8905163494001
btn 571.274796691836
5 572.8898094474807
6 574.8891037895592
6 576.8884024856325
6 578.8876983827085
6 580.8870073417656
btn 581.437848766529
6 582.8862879998651
btn 583.3371751104587
6 584.8855795429481
6 586.8848835260123
6 588.8841750690954
4 590.8834103212648
2 639.8829015260435
6 641.8988809926104
5 643.8982179416234
5 645.8975122837037
btn 646.2816803553105
6 647.8967944968008
6 649.8960033140102
6 651.8952901921002
6 653.8945988401574
6 655.8938885172447
6 657.8931862803183
5 659.8924874643853
6 661.8917743424772
6 663.8910689955555
5 665.8903686246267
6 667.8896611007076
6 669.8889579307834
4 671.8881888289579
1 720.8876837657317
6 722.9037226332075
6 724.9029952053206
6 726.9022907913968
6 728.9015897984682
6 730.9008816525511
6 732.9001669756435
6 734.8994759347006
6 736.8987861377555
6 738.897967276007
5 740.8972625510851
btn 741.3315251820968
6 742.8965593811608
6 744.8959510660898
6 746.8951480653177
6 748.8944455173914
6 750.893738926472
3 752.892971379646
2 801.89248435439
6 803.9085334848514
6 805.907795793979
6 807.9071227910081
btn 808.342309090609
6 809.9063776361472
6 811.9056673132345
6 813.9049703632991
btn 814.356672292648
6 815.9042640833795
6 817.903544741479
5 819.9028502795409
5 821.9021346696354
btn 822.3199843007442
6 823.9014489156834
6 825.9007407697663
6 827.8999439889849
6 829.8992336660704
6 831.8985404481318
4 833.8977545523321
1 882.8982928925088
6 884.9134112013944
5 886.9125851866575
btn 887.4477313984189
6 888.9118773517384
6 890.9111869327953
6 892.9104983798479
6 894.9097914779286
6 896.9090531650563
6 898.9083462631388
6 900.9076424712148
5 902.9069405452865
btn 903.358694100556
5 904.9062370643624
btn 905.4913938656591
6 906.9055186554615
5 908.9048325905096
btn 909.3897567330623
6 910.9041350185762
6 912.903422518666
3 914.9026076999126
EndData 963.9186064484511
