StartData 43.188358105999214
2 133.19922442938514
6 135.20307211550244
6 137.20227564572087
6 139.20173637254447
btn 139.85278122209638
6 141.2008780138567
5 143.20017546593044
5 145.19948131499223
btn 145.75035881570147
6 147.21542315061743
6 149.21470505271645
6 151.21409767064506
6 153.21329529187096
btn 153.68077827008892
6 155.21260798292133
6 157.21189330601555
6 159.21118516009665
btn 159.62868958173385
6 161.2104729711864
6 163.20978535123868
4 165.20890273458645
1 214.20831961047952
6 216.22433142099726
6 218.22360679210396
5 220.22290953117044
btn 220.64049481268376
5 222.22220138525336
btn 222.80642114498187
6 224.22149448333403
6 226.2207913134098
6 228.22008472249036
6 230.21937346657796
6 232.21867931563975
6 234.21797334671828
6 236.2172679997966
6 238.21656825086757
6 240.21585139696253
6 242.21515662402453
5 244.21445158810275
btn 244.81529769340887
3 246.213687462272
1 295.2130996731703
6 297.2291158376811
6 299.2283943187849
6 301.22769456985407
5 303.22698766793474
btn 303.6612142230024
6 305.22628045501733
6 307.2255766630933
6 309.2248784691601
5 311.22416907924526
btn 311.62512086219067
6 313.22346870831643
6 315.2227577634021
6 317.2220533494801
5 319.22135049055396
btn 319.7056062951269
6 321.2206448326342
5 323.2199413517101
btn 323.7374573114266
6 325.21922791880024
3 327.21845508498154
2 376.2196676721269
6 378.2359341912561
6 380.2349567197507
6 382.2340190561845
btn 382.6860298080592
6 384.2330829476159
6 386.23214621704756
6 388.2312057544859
5 390.2312399644343
5 392.2303234488354
btn 392.66537819563564
6 394.2293860962691
6 396.2284300837291
btn 396.7474752281105
6 398.22750641514176
6 400.226543560615
6 402.22659860753083
btn 402.64461182438754
6 404.22569546491104
5 406.22474349536606
4 408.2237069339517
2 457.2227817103667
6 459.23881497985167
6 461.2381130539252
5 463.237401176013
6 465.2366737481261
6 467.2359718221978
btn 467.6879642251024
6 469.23526678627604
6 471.2345794773282
6 473.2338433414534
5 475.2331342625366
5 477.23246530256074
btn 477.58438085748094
6 479.2317434726647
6 481.2310337717481
5 483.2303175398447
6 485.2296134369208
6 487.22890964499675
4 489.22811348621326
1 538.22754093609
6 540.2434933456989
6 542.242861083665
6 544.2421376987713
5 546.2414332848475
btn 546.7923114075547
6 548.240736023914
5 550.2400372079828
btn 550.7080551053841
6 552.239327818068
6 554.2386128301605
6 556.2379221002175
6 558.23720711231
6 560.2365092293767
5 562.235817566434
btn 562.7367998584323
5 564.2350665025824
btn 564.9525769265092
6 566.2343882126206
6 568.2336091588113
3 570.2329115868779
2 619.2323293957688
6 621.2482650114016
5 623.2475410045099
6 625.2468390785834
6 627.2461309326645
6 629.2454137677614
btn 629.7129965768272
6 631.2375464127908
5 633.2440180018966
6 635.2433138989727
6 637.2426209920322
6 639.2419069371244
btn 639.65950963461
6 641.2411994132053
btn 641.6587685227423
6 643.240496554281
6 645.2397936953548
btn 645.6573904838497
6 647.23908430544
6 649.2383792695182
4 651.2376151436856
1 700.2370317085788
6 702.2530447630943
6 704.2523257321936
6 706.2516216292697
5 708.2508963783785
btn 708.6685115158452
6 710.2502106244283
6 712.2495040335089
6 714.2488002415848
6 716.2480970716588
5 718.2473917247371
btn 718.6649543032836
6 720.246674559834
6 722.2459860068866
6 724.245275994972
6 726.2445799780362
6 728.2438684111239
6 730.2431649301998
3 732.242387742388
2 781.2459984468678
6 783.261186419646
6 785.2612103666088
6 787.260275502038
6 789.2593384604716
btn 789.6773246203702
6 791.2583864909266
btn 791.7103717408409
5 793.2574569133485
6 795.2565145847893
5 797.2565761626938
5 799.2556338341346
btn 799.6906864039393
6 801.2546781325964
6 803.2537541530091
6 805.2528192884383
6 807.2518555009119
5 809.251940403783
6 811.2510344621678
4 813.2499465858309
1 862.247477871606
6 864.2636318089062
5 866.2626907243448
btn 866.7476397468581
6 868.2617204058297
6 870.2607432453224
6 872.2608455641675
5 874.2599119435945
btn 874.8278791791727
6 876.2589798780191
6 878.2579902775324
6 880.2570914889075
6 882.2563811659929
6 884.256205140262
5 886.2552379317403
btn 886.6735294931732
5 888.254322660141
btn 888.8397335480477
6 890.2535700412918
6 892.252874646354
3 894.2520766215748
EndData 943.2680840780995
